18 37 31 42 3 26 47 48 19 9 38 29 17 6 23 24 34 1 14 4 43 35 45 15 39 2 28 30 27 8 21 33 22 25 44 36 7 10 49 12 13 20 5 41 32 46 40 16 11 
4 41 19 16 5 12 32 13 1 44 11 40 21 37 10 26 45 6 35 46 9 17 27 48 36 42 3 18 2 49 14 24 15 23 31 33 8 30 47 29 28 22 38 7 20 25 39 43 34 
40 15 29 2 22 20 7 5 30 26 42 18 45 34 17 39 27 25 36 13 44 9 11 31 23 38 32 41 4 1 37 19 35 43 28 21 3 46 24 48 14 16 10 8 49 47 33 12 6 
39 17 13 27 11 6 45 3 15 47 2 41 10 24 7 12 5 33 40 20 30 43 1 16 34 8 25 49 42 26 32 48 38 29 46 23 19 4 37 9 31 44 35 18 22 28 36 14 21 
48 21 23 43 38 35 24 25 12 49 28 14 7 27 31 42 41 18 32 37 8 22 20 26 47 46 10 33 11 3 16 40 45 36 34 39 6 15 1 17 2 5 9 29 44 4 19 13 30 
10 8 28 25 46 30 34 35 32 22 16 36 39 33 15 11 21 29 2 47 49 14 13 5 7 44 19 4 18 6 41 17 9 20 12 45 40 26 42 43 27 38 23 3 1 37 48 31 24 
44 9 1 14 33 36 49 20 46 8 43 23 31 4 48 19 16 38 22 28 3 29 21 12 37 24 6 40 7 5 13 47 30 10 39 32 35 11 41 25 34 18 2 42 17 27 45 15 26 
17 14 45 7 10 1 6 8 21 3 36 32 48 35 4 9 22 23 42 41 2 30 15 46 13 40 26 24 44 34 18 27 28 19 11 38 37 33 43 31 29 39 16 49 25 12 5 20 47 
11 31 25 40 35 15 41 16 5 10 18 33 1 45 19 47 37 48 24 17 29 28 32 34 3 27 20 12 49 43 4 39 7 46 42 13 2 14 21 23 26 9 8 30 6 44 22 36 38 
23 47 48 36 43 34 18 19 41 38 7 24 4 39 30 28 13 44 16 27 25 1 10 33 29 37 42 14 15 45 20 8 26 32 17 11 46 5 22 6 12 49 31 9 40 2 21 35 3 
46 12 42 33 20 32 8 49 22 40 14 13 11 29 21 18 35 45 6 38 26 47 17 9 25 7 23 44 3 10 5 2 31 16 36 30 24 28 19 41 4 34 27 15 43 48 37 39 1 
26 16 2 19 44 22 13 42 23 34 20 28 12 25 39 14 3 10 8 15 5 36 49 43 21 35 38 31 6 9 1 29 40 30 37 48 45 17 7 32 47 27 4 46 11 24 18 41 33 
38 49 30 9 4 27 21 15 44 46 37 43 2 31 36 34 40 32 11 12 1 45 8 6 19 5 48 39 25 41 47 23 24 33 22 20 16 42 3 10 18 35 13 26 7 17 14 29 28 
28 5 39 29 24 37 3 27 26 30 6 47 9 17 43 20 49 7 46 31 33 11 16 41 2 18 4 22 35 48 12 38 13 21 14 15 1 8 40 44 36 25 42 19 10 34 23 32 45 
37 26 49 34 7 11 5 32 31 6 41 21 14 46 28 3 48 24 47 44 45 25 38 17 40 22 29 9 19 27 39 36 2 1 10 35 33 12 4 30 23 15 20 43 16 8 13 18 42 
43 44 35 22 14 46 20 36 49 23 34 25 28 10 13 27 32 40 41 29 21 31 48 24 33 6 37 16 17 18 8 30 42 7 4 5 26 47 45 11 3 1 15 12 9 19 38 2 39 
15 4 8 18 19 25 9 47 35 12 22 27 13 42 49 38 33 39 34 5 6 10 30 11 14 45 44 23 26 32 43 16 3 37 40 28 21 48 20 2 24 46 7 1 29 36 41 17 31 
33 3 10 48 47 17 16 44 24 15 45 38 19 18 46 23 9 35 25 22 12 32 2 20 1 49 7 21 5 11 6 41 29 14 13 43 31 39 27 36 8 42 30 4 28 26 34 40 37 
31 40 32 39 23 24 38 9 37 48 1 30 43 26 20 7 4 19 18 2 42 34 41 28 15 12 36 8 21 25 33 46 44 45 49 22 29 13 6 16 17 14 47 5 3 10 11 27 35 
1 30 27 12 2 41 36 39 40 4 3 17 29 5 14 43 8 37 10 11 16 18 35 13 26 47 46 42 9 20 31 28 23 15 24 49 44 25 34 38 7 19 33 6 48 21 32 45 22 
13 6 21 28 45 42 29 11 16 20 8 7 33 2 1 36 30 17 31 26 15 27 43 4 5 19 39 3 12 35 48 34 47 22 38 9 10 37 32 18 41 40 14 44 24 49 25 23 46 
47 13 5 35 17 21 30 34 36 42 25 39 37 19 24 40 23 28 49 7 32 33 44 10 38 15 41 43 14 29 3 6 18 12 45 26 11 31 48 8 9 4 46 22 27 16 2 1 20 
45 1 43 24 16 49 46 17 48 27 40 8 26 9 5 33 39 15 12 35 47 4 23 32 11 31 21 37 28 44 34 7 25 38 41 18 22 29 30 3 20 2 6 14 42 13 10 19 36 
8 38 14 37 34 7 15 33 10 28 13 31 41 3 16 25 43 20 26 9 18 5 40 27 48 17 35 47 39 24 22 42 46 2 19 12 32 6 36 1 21 45 11 23 4 29 30 49 44 
25 39 26 32 28 18 31 43 47 45 24 20 22 30 42 46 14 4 19 10 34 3 6 1 16 29 9 2 23 15 35 21 36 11 8 7 27 38 33 49 44 13 40 37 5 41 12 48 17 
27 2 4 11 6 44 19 14 38 16 29 49 35 32 37 22 36 21 3 8 17 13 18 39 12 34 24 45 30 40 26 1 48 5 20 47 41 23 10 42 46 43 25 33 15 31 28 9 7 
12 23 33 10 40 29 22 6 4 1 15 46 44 21 27 31 11 2 45 48 41 7 14 42 49 20 30 36 37 17 9 13 16 47 43 24 39 19 25 35 5 28 3 34 18 38 8 26 32 
9 48 41 20 36 3 42 2 7 11 12 5 18 23 29 44 1 30 38 6 13 46 26 19 8 25 22 28 10 4 27 31 32 49 33 34 14 40 16 15 37 17 45 35 47 39 24 21 43 
3 36 6 21 41 2 17 26 14 13 46 19 47 40 33 49 44 16 20 45 10 38 29 35 42 4 15 32 48 12 11 9 1 18 5 37 23 43 28 24 22 30 34 27 39 7 31 25 8 
20 42 46 30 29 45 48 38 9 21 44 22 27 11 3 4 2 31 15 36 19 23 39 18 28 26 47 17 41 13 24 35 6 8 32 40 34 7 14 5 25 12 49 10 37 43 1 33 16 
5 27 47 23 15 10 43 18 45 2 39 35 20 36 40 8 7 11 21 25 22 48 3 30 44 16 49 1 46 42 28 4 37 34 26 6 9 41 38 33 32 31 17 13 12 14 29 24 19 
24 33 22 38 49 4 40 23 29 37 30 1 15 7 26 17 12 47 43 14 39 6 5 2 10 9 34 20 16 19 25 45 27 31 3 8 18 36 44 13 11 21 41 28 35 32 42 46 48 
35 18 34 8 1 39 11 4 25 43 33 48 24 12 9 6 46 13 28 32 37 40 22 14 41 21 31 19 38 7 15 49 20 17 47 27 42 16 2 26 10 29 36 45 30 23 3 44 5 
32 7 16 31 12 13 28 41 3 17 49 42 34 8 35 5 29 27 48 18 24 37 36 45 46 33 43 25 22 21 23 14 10 44 30 19 4 1 15 20 39 47 26 40 38 11 9 6 2 
14 25 9 44 26 19 37 31 6 5 10 16 32 28 38 1 42 41 30 34 23 24 12 8 27 11 13 7 40 2 36 43 33 39 29 17 49 35 46 45 48 3 22 20 21 15 4 47 18 
19 24 40 15 9 23 44 37 18 41 27 11 46 1 25 48 17 36 29 33 35 21 34 7 32 30 8 13 43 38 2 20 5 28 6 3 12 45 31 22 49 26 39 16 14 42 47 10 4 
42 28 36 41 25 8 10 29 33 24 48 45 49 38 6 15 47 12 23 1 27 44 31 22 35 14 16 46 13 39 17 3 4 9 21 2 5 20 11 34 19 7 37 32 26 18 43 30 40 
49 34 17 1 48 47 27 12 28 14 23 4 42 20 41 30 10 8 37 16 38 19 25 36 18 43 33 6 31 22 46 32 11 26 7 29 13 21 39 40 35 24 44 2 45 3 15 5 9 
29 46 12 6 30 16 35 22 39 31 47 10 5 15 2 45 24 3 9 42 7 41 4 38 20 48 40 26 8 14 44 37 19 27 23 25 43 32 18 28 33 36 21 11 13 1 17 34 49 
22 11 3 13 32 5 14 30 34 36 26 9 8 43 44 21 28 49 4 40 20 39 42 23 45 1 2 29 24 16 10 12 41 48 18 46 15 27 17 47 6 37 19 31 33 35 7 38 25 
2 20 37 45 21 31 26 40 17 7 19 3 6 13 11 32 18 14 39 43 46 15 24 49 9 28 5 10 33 47 30 25 34 42 35 16 38 44 23 4 1 48 29 36 41 22 27 8 12 
7 43 18 4 39 38 33 21 2 35 32 44 25 16 34 13 26 22 5 19 31 12 47 37 17 3 11 27 45 36 29 15 49 40 1 41 30 9 8 14 42 10 24 48 46 6 20 28 23 
21 45 7 46 13 40 4 10 43 18 35 15 16 41 22 29 20 5 33 49 48 26 19 47 24 32 1 34 36 30 42 11 8 6 27 31 25 3 12 39 38 23 28 17 2 9 44 37 14 
16 22 44 17 8 9 39 28 11 25 5 12 40 48 32 10 38 34 7 23 4 49 37 3 31 36 18 15 47 46 45 26 43 13 2 14 20 24 29 27 30 6 1 21 19 33 35 42 41 
41 32 15 26 42 14 25 24 20 33 17 37 38 49 45 2 31 46 27 21 36 16 28 40 22 13 12 5 1 23 7 10 39 3 9 44 48 34 35 19 43 11 18 47 8 30 6 4 29 
6 10 20 3 37 33 12 45 13 19 31 26 23 44 47 35 25 43 1 39 11 2 46 29 30 41 17 38 32 28 49 22 14 4 15 42 36 18 9 21 40 8 48 24 34 5 16 7 27 
34 35 11 47 27 43 23 1 8 29 4 2 30 22 18 37 19 9 44 24 28 42 33 25 6 39 14 48 20 31 40 5 21 41 16 10 17 49 26 7 15 32 12 38 36 45 46 3 13 
36 19 24 49 31 28 1 7 27 39 21 34 3 14 12 41 6 42 13 30 40 8 9 44 43 10 45 11 29 37 38 18 17 35 48 4 47 2 5 46 16 33 32 25 23 20 26 22 15 
30 29 38 5 18 48 2 46 42 32 9 6 36 47 8 16 15 26 17 3 14 20 7 21 4 23 27 35 34 33 19 44 12 24 25 1 28 22 13 37 45 41 43 39 31 40 49 11 10 