40 37 7 57 10 35 26 20 34 62 33 41 51 30 3 18 32 6 58 47 38 14 45 31 29 4 59 1 27 54 63 21 50 36 39 52 61 24 19 12 48 28 56 44 25 60 8 13 16 49 55 53 11 15 2 17 42 64 5 23 22 43 9 46
56 15 13 21 61 47 38 18 31 29 32 54 16 4 46 11 25 19 30 43 55 2 49 8 39 57 20 36 12 17 62 60 40 48 26 42 23 41 45 51 34 58 52 33 27 14 37 50 64 9 24 3 63 59 22 5 53 28 6 7 10 1 44 35 
36 52 55 1 5 16 51 59 58 39 12 13 7 28 38 19 15 37 27 57 62 17 46 20 31 14 48 56 11 3 24 34 18 21 25 35 63 44 43 47 54 9 41 53 29 61 22 64 50 8 23 6 32 42 30 10 60 2 4 49 40 45 33 26 
39 62 49 54 30 22 19 6 21 10 45 24 44 42 1 56 36 35 7 9 50 34 64 33 53 40 51 23 2 55 38 26 3 57 31 59 17 16 20 37 47 4 11 12 43 15 46 5 25 60 48 41 13 61 14 28 63 27 32 8 52 29 18 58 
60 64 12 32 53 42 44 28 23 52 9 61 37 35 48 40 18 1 13 22 10 51 5 56 50 47 45 43 16 58 46 41 27 38 62 8 4 6 29 33 20 57 26 17 55 2 49 63 39 31 19 34 54 7 36 21 30 25 15 3 24 11 14 59 
2 45 46 9 17 31 33 63 22 55 36 15 49 50 60 26 59 42 4 39 61 28 21 16 25 30 13 10 37 5 6 8 64 32 11 7 14 58 1 53 3 40 18 19 51 35 24 23 12 20 57 27 52 44 43 29 54 41 48 34 47 38 56 62 
8 11 34 43 29 41 50 48 47 25 27 14 5 63 53 64 44 52 60 40 24 3 26 23 18 33 22 9 35 32 49 15 30 46 54 56 28 2 55 10 6 21 39 31 42 59 16 7 58 38 4 51 37 1 62 45 13 19 61 20 36 57 12 17 
4 14 27 24 25 3 23 58 8 43 2 20 17 6 57 59 11 48 53 41 12 63 29 54 28 64 44 52 42 61 19 7 22 15 60 13 49 34 5 9 1 45 30 62 36 32 10 38 56 18 46 35 40 33 26 47 51 21 50 16 31 39 37 55 
14 24 30 19 4 62 34 12 35 21 63 29 54 37 22 31 43 58 32 50 23 45 57 2 10 9 3 49 6 51 7 25 55 52 61 20 46 36 28 16 8 38 5 42 11 44 48 59 17 40 1 39 53 64 27 41 33 15 13 18 60 47 26 56 
44 59 39 56 2 13 61 27 18 38 19 5 50 26 43 1 64 16 34 60 47 35 4 62 40 42 32 8 20 14 36 31 25 51 33 57 54 15 9 63 45 41 24 58 17 30 23 12 7 55 21 49 22 29 48 11 37 52 53 6 28 3 46 10 
41 33 28 55 42 26 5 10 7 6 53 16 14 8 61 17 12 27 52 44 40 19 31 46 13 18 56 59 4 15 34 45 49 64 37 47 35 38 60 1 29 32 21 20 63 39 50 54 62 3 51 23 57 58 9 36 48 11 30 25 43 24 22 2 
47 32 18 38 16 52 25 51 3 56 44 39 2 15 9 23 1 30 36 28 26 61 6 42 12 62 60 63 17 53 55 35 4 14 7 24 11 10 13 48 46 64 40 37 49 33 43 22 20 5 45 59 50 54 8 34 57 29 58 27 21 41 31 19 
53 22 29 20 15 46 48 35 24 27 28 62 40 12 52 58 5 51 9 17 63 11 33 25 37 16 21 44 47 38 61 64 41 19 23 18 43 56 39 45 14 7 55 26 2 6 3 57 10 4 30 32 60 13 42 31 59 50 8 1 54 49 34 36 
11 9 23 49 50 37 43 36 10 32 34 42 60 33 20 47 7 24 14 55 15 29 59 18 41 19 26 54 1 48 57 52 8 3 53 27 58 22 30 21 31 62 51 61 56 13 4 25 35 46 63 16 6 38 28 2 39 40 45 12 64 5 17 44 
21 57 64 40 45 8 63 31 13 41 25 48 11 36 59 49 22 38 3 54 37 53 10 39 5 50 46 58 23 24 30 43 34 6 44 12 26 29 17 2 9 60 15 28 35 16 1 27 33 47 61 18 14 56 52 19 55 51 7 4 20 62 42 32 
54 7 60 6 1 17 58 3 45 64 46 55 4 57 30 51 56 13 49 48 41 20 8 21 2 22 28 33 29 11 39 27 62 50 5 32 59 42 31 40 36 10 19 34 53 47 18 52 43 15 26 24 12 25 44 37 38 16 9 61 23 35 63 14 
15 26 44 53 9 27 62 34 6 14 64 56 46 2 5 36 3 4 35 51 57 33 12 30 8 37 63 61 45 39 42 1 48 7 29 43 50 60 58 25 41 52 23 55 13 49 59 11 28 32 10 40 19 47 31 22 21 18 16 24 38 17 20 54 
3 40 22 28 49 1 21 38 57 23 18 19 13 60 39 30 8 43 20 59 29 24 2 6 15 52 35 32 34 33 47 16 56 62 64 55 37 51 53 54 63 50 14 27 48 12 5 45 44 17 58 9 25 36 46 7 10 42 11 41 26 31 61 4 
20 31 63 29 55 32 4 43 1 22 58 50 27 41 17 48 60 26 61 52 36 56 47 13 9 12 2 25 10 57 28 49 42 30 45 40 19 14 33 46 38 35 54 6 3 62 7 44 15 64 16 37 21 24 11 18 5 59 39 51 53 8 23 34 
42 54 11 51 7 57 59 23 53 40 20 28 43 31 34 12 45 41 64 16 1 58 48 27 6 55 30 14 62 50 22 38 17 8 13 2 9 4 26 61 56 18 37 32 24 10 19 21 63 35 39 5 3 60 49 52 46 36 44 47 15 25 29 33 
35 16 8 48 19 36 46 33 11 24 3 63 52 29 10 38 14 54 22 23 32 7 37 55 20 44 17 26 13 18 41 5 12 59 34 15 47 49 21 39 42 30 53 4 31 25 51 2 1 6 50 62 56 45 61 27 43 58 60 64 9 28 57 40 
5 58 45 50 12 56 10 17 33 8 42 7 21 49 47 55 31 39 46 34 25 18 44 15 36 11 64 19 48 27 23 4 52 35 20 16 1 28 41 24 26 29 61 22 40 9 60 43 54 51 2 13 59 57 38 53 62 32 3 37 63 14 30 6 
24 61 47 30 14 60 6 39 26 15 16 51 25 45 62 37 21 49 28 53 11 10 63 9 56 46 43 3 54 40 59 58 38 44 36 22 32 5 18 31 57 1 64 8 33 17 20 34 48 12 41 55 4 23 29 42 35 13 2 19 7 27 50 52 
52 25 37 18 64 2 13 41 44 4 61 35 59 9 54 32 19 62 17 42 5 50 38 40 51 60 31 21 7 29 53 24 63 27 10 11 3 23 57 6 39 36 46 15 58 28 47 16 8 26 34 30 43 20 33 14 49 12 22 45 56 48 55 1 
9 36 19 58 47 24 37 52 55 11 39 4 41 53 27 2 57 56 25 49 45 59 23 17 38 5 54 16 21 44 32 63 10 40 46 30 7 8 34 50 43 26 42 13 28 3 64 18 61 1 31 14 51 22 12 35 15 33 62 29 48 20 6 60 
57 4 14 41 39 48 56 53 36 44 6 33 31 24 28 25 50 3 42 29 58 13 35 38 64 43 47 62 49 22 2 20 21 63 17 37 12 61 52 60 15 19 45 1 10 46 34 32 27 11 18 54 7 16 55 30 23 9 26 40 8 59 5 51 
31 35 54 34 8 45 28 40 49 18 21 38 47 17 37 61 39 46 33 14 64 41 36 52 3 15 55 13 9 30 51 23 59 20 6 62 27 25 32 4 11 44 2 63 12 24 29 56 19 10 5 57 48 26 58 60 22 43 42 53 16 7 1 50 
26 18 15 2 46 64 32 25 48 63 29 1 9 16 12 20 28 5 21 31 51 27 55 37 33 58 61 39 19 41 50 53 54 42 24 49 57 11 22 3 17 59 60 7 30 8 14 4 36 13 43 45 62 40 23 6 52 44 10 35 34 56 38 47 
55 38 50 33 6 51 60 5 40 13 26 43 3 10 7 54 62 47 15 2 22 12 34 24 42 36 27 28 46 1 45 18 14 9 56 44 29 35 48 58 61 37 57 23 16 52 21 53 59 63 25 17 8 4 41 20 11 31 64 30 19 32 39 49 
30 49 21 12 11 59 16 44 52 58 51 32 42 22 8 34 6 60 48 1 19 9 40 10 57 31 4 7 14 25 37 29 2 39 43 26 15 45 64 23 35 5 38 47 62 27 54 20 24 33 3 46 28 50 53 56 17 63 18 55 61 36 41 13 
29 63 20 61 23 10 1 42 15 19 5 30 56 46 45 62 53 8 11 26 18 16 43 7 52 35 6 40 59 60 48 17 13 55 51 31 36 33 38 28 58 22 25 50 9 41 39 49 2 44 47 21 34 37 32 64 3 14 54 57 4 12 27 24 
7 13 17 27 62 43 3 22 14 57 59 23 35 64 50 60 63 61 44 30 20 32 54 4 34 56 24 11 8 12 26 10 47 1 18 53 41 19 16 5 55 33 36 51 6 31 40 48 9 29 15 38 42 52 39 49 25 46 28 58 37 2 21 45 
49 50 58 60 24 54 42 1 63 7 47 59 38 14 64 22 41 45 26 18 6 15 16 12 27 20 8 29 3 46 56 61 23 11 4 28 33 40 35 52 44 31 43 25 37 48 13 30 34 19 32 36 39 55 5 62 2 17 51 21 57 10 53 9 
17 20 35 59 33 15 47 30 62 50 8 27 45 44 21 39 13 64 19 36 60 57 51 28 63 1 18 38 31 10 4 40 7 34 9 46 48 26 2 56 24 23 49 14 32 29 12 61 11 16 22 25 41 53 54 43 58 37 55 52 6 42 3 5 
18 51 26 36 34 19 22 61 46 16 30 3 20 13 55 6 29 7 8 62 14 31 1 35 23 25 9 42 64 43 54 11 53 5 21 60 10 63 59 44 50 27 17 38 45 40 2 33 52 37 28 47 58 49 24 57 12 39 56 32 41 4 48 15 
45 56 52 5 48 11 14 7 32 34 31 18 61 54 25 35 10 21 23 63 42 30 53 58 44 24 12 50 28 2 60 39 51 41 8 36 13 55 37 57 4 3 6 59 20 22 15 9 40 27 17 64 26 46 1 38 19 62 47 43 29 33 49 16 
64 12 43 39 40 53 41 16 29 33 15 9 26 11 24 5 47 22 2 37 56 46 20 44 55 6 14 45 58 34 52 32 1 17 38 19 42 50 3 49 10 51 7 18 21 57 62 35 23 59 8 61 30 48 63 4 28 60 27 54 25 13 36 31 
13 6 57 44 31 63 29 46 43 51 40 49 53 56 58 28 34 55 38 32 39 4 50 48 62 26 19 37 5 35 17 47 16 54 27 64 25 30 12 15 60 42 1 41 52 11 36 8 45 7 9 33 2 10 21 3 14 22 23 59 18 61 24 20 
37 10 32 23 27 21 2 8 4 17 41 60 19 52 36 57 33 9 5 61 43 25 3 59 30 48 7 51 15 49 16 22 31 24 58 45 18 20 62 14 28 55 47 56 64 54 53 39 29 42 12 44 35 6 50 13 34 38 46 26 1 63 40 11 
38 55 4 3 28 25 9 62 37 42 23 12 48 1 2 10 54 40 24 27 52 49 17 11 59 41 57 53 36 21 33 13 32 43 47 61 22 39 6 29 5 46 63 16 19 34 58 26 14 56 60 31 20 18 15 51 45 8 35 44 50 30 7 64 
6 42 2 35 21 12 8 45 27 20 37 25 62 43 13 29 9 33 51 7 34 1 22 50 4 59 40 18 60 63 64 28 19 58 30 54 5 32 14 17 53 39 16 36 15 56 55 10 3 48 52 11 23 31 57 26 41 61 24 46 49 44 47 38 
48 23 62 11 32 33 18 49 38 47 52 46 64 7 44 53 61 12 57 13 28 37 60 29 19 17 58 41 51 26 9 3 24 10 2 63 56 31 40 8 22 6 20 5 4 50 42 1 30 34 27 15 45 39 59 25 36 55 43 14 35 16 54 21 
28 19 16 4 3 39 40 13 60 12 24 17 30 51 56 41 42 32 55 35 54 43 15 36 49 53 11 57 22 23 21 48 46 18 50 38 6 59 44 7 37 34 31 2 61 45 52 14 47 58 29 10 5 63 20 33 64 26 1 62 27 9 8 25 
51 46 1 10 56 38 64 47 61 2 35 26 18 23 6 16 40 44 31 20 30 52 39 19 24 29 34 27 43 42 8 54 28 53 12 41 45 48 36 13 25 49 58 60 7 63 33 62 32 21 14 50 55 17 37 9 4 3 59 15 5 22 11 57 
50 43 59 22 20 9 52 26 54 36 4 45 15 55 19 21 48 11 47 64 46 6 41 5 1 13 38 30 56 37 25 14 39 29 35 33 62 3 51 42 32 17 27 24 18 23 57 40 49 61 53 60 44 2 16 8 31 7 63 10 58 34 28 12 
25 5 61 15 41 44 53 24 39 9 48 22 34 3 14 63 58 59 45 21 16 26 62 49 35 32 10 12 55 52 31 33 57 23 1 4 60 64 11 27 19 47 8 46 38 51 30 28 6 54 36 56 18 43 7 40 29 20 17 2 42 50 13 37 
27 60 31 14 37 55 30 29 5 1 57 11 58 59 49 50 17 10 63 38 2 8 56 53 7 39 36 15 61 45 44 62 43 22 16 25 34 21 47 20 12 54 9 64 41 26 35 3 42 28 13 4 46 51 19 24 6 23 52 48 33 40 32 18 
63 34 36 17 58 7 54 57 28 31 10 40 8 32 33 42 4 14 18 24 27 23 25 3 16 2 5 46 50 47 20 6 61 49 55 9 52 37 15 26 21 48 13 11 59 43 44 29 41 22 64 1 38 62 35 12 56 30 19 60 39 51 45 53 
16 1 38 42 60 18 36 19 51 3 50 53 63 21 35 46 24 25 59 15 17 44 27 22 11 49 23 55 39 9 43 37 5 61 14 48 20 57 10 41 2 13 34 40 26 58 45 31 4 30 62 29 33 28 64 54 7 47 12 56 32 6 52 8 
46 3 6 31 43 61 49 14 25 5 54 57 55 62 41 52 2 28 16 58 9 40 11 26 17 21 1 64 53 59 35 36 45 13 15 29 51 7 23 22 30 20 12 48 60 38 32 47 18 24 37 8 27 34 56 39 50 4 33 42 44 19 10 63 
59 28 51 25 52 29 27 2 20 48 13 37 12 58 11 15 55 34 56 33 53 38 14 64 22 61 41 4 18 16 5 42 26 31 49 6 30 43 24 32 7 8 10 35 23 36 9 46 21 45 44 63 47 19 17 50 1 57 40 39 62 54 60 3 
62 47 56 7 44 50 12 4 42 28 17 8 29 18 16 43 52 36 37 6 3 48 61 45 14 54 25 20 57 19 10 2 35 60 59 39 55 27 46 38 64 15 33 49 1 21 63 24 22 23 40 26 31 32 13 58 9 5 34 11 30 53 51 41 
10 17 33 63 13 30 11 54 64 26 38 6 36 19 32 45 46 50 39 5 31 47 7 1 58 3 52 34 44 56 12 51 9 28 40 21 8 53 42 18 27 25 62 43 57 4 61 41 55 14 20 48 16 35 60 15 24 49 29 22 2 37 59 23 
58 41 53 37 26 34 45 55 2 30 49 47 24 27 23 44 20 29 10 12 13 54 32 63 48 8 33 60 38 7 40 50 36 4 3 1 64 62 56 19 59 11 22 39 14 18 28 51 57 43 42 52 9 5 6 46 16 35 21 31 17 15 25 61 
22 21 9 8 57 40 20 32 56 59 14 34 39 61 31 33 30 23 43 4 35 62 42 60 47 45 29 24 63 6 15 46 44 37 52 58 2 12 50 11 16 53 3 54 5 19 17 55 51 25 38 7 49 41 10 1 26 48 36 28 13 18 64 27 
23 39 48 64 35 5 24 15 9 60 1 10 22 40 4 7 51 18 41 8 49 21 19 57 32 27 62 31 26 28 13 30 33 47 63 17 16 54 25 34 52 56 44 29 50 42 6 37 53 2 59 12 36 11 3 61 20 45 14 38 46 55 58 43 
33 27 10 52 59 6 15 9 12 45 43 36 28 38 63 24 49 17 62 3 21 60 13 41 46 7 42 22 25 31 11 44 29 56 48 5 40 1 61 55 51 2 32 57 34 53 26 19 37 39 35 58 64 8 18 16 47 54 20 50 14 23 4 30 
43 29 3 47 63 49 7 11 41 53 60 2 1 39 18 14 16 15 40 25 44 36 28 51 21 38 50 6 30 13 58 55 20 45 19 34 24 52 27 35 23 61 48 9 54 64 31 17 46 57 33 22 10 12 4 32 8 56 37 5 59 26 62 42 
32 53 41 46 51 4 35 64 17 54 11 31 57 48 40 27 37 2 6 19 7 42 9 47 45 28 16 5 52 8 14 59 60 26 22 3 44 18 63 30 13 43 50 10 39 55 25 36 38 62 56 20 1 21 34 23 61 24 49 33 12 58 15 29 
19 2 42 26 54 58 55 56 30 61 62 21 33 5 29 3 23 57 50 11 59 64 24 34 60 63 53 48 41 20 18 9 6 16 28 10 39 47 8 36 40 12 4 45 22 37 27 15 31 52 49 43 17 14 25 44 32 1 38 13 51 46 35 7 
61 48 40 13 22 20 57 37 59 46 56 44 23 34 42 9 27 63 12 45 8 5 58 32 54 10 49 2 33 4 3 19 15 25 41 14 21 17 7 43 62 24 35 52 47 1 38 60 26 50 6 28 29 30 51 55 18 53 31 36 11 64 16 39 
1 44 25 16 36 14 31 50 19 49 55 58 32 20 15 13 35 53 54 10 48 39 30 61 26 23 37 47 40 62 29 12 11 33 42 51 38 46 4 64 18 63 28 21 8 5 56 6 60 41 7 2 24 9 45 59 27 34 57 17 3 52 43 22 
34 8 5 62 18 23 17 21 16 37 22 64 6 47 26 4 38 20 1 56 33 55 52 43 61 51 39 35 24 36 27 57 58 12 32 50 31 9 54 59 49 14 29 30 46 7 41 42 13 53 11 19 15 3 40 48 44 10 25 63 45 60 2 28 
12 30 24 45 38 28 39 60 50 35 7 52 10 25 51 8 26 31 29 46 4 22 18 14 43 34 15 17 32 64 1 56 37 2 57 23 53 13 49 62 33 16 59 3 44 20 11 58 5 36 54 42 61 27 47 63 40 6 41 9 55 21 19 48 
