18 37 31 42  3 26  0  0 19  9 38 29 17  6 23  0 34  1  0  4 43 35 45 15 39  2  0 30 27  8  0 33 22 25  0 36  0  0 49 12 13 20  5 41 32 46 40 16 11 
 4 41 19  0  5 12 32 13  1 44  0 40 21 37 10 26 45  0  0 46  9 17  0 48 36 42  3 18  2 49 14  0  0 23 31 33  8 30 47 29 28 22 38  7 20 25  0 43 34 
40 15  0  2  0  0  7  5 30 26 42 18 45 34 17 39  0 25  0 13  0  9 11 31 23 38 32 41  4  1 37 19 35  0  0 21  3 46  0 48 14 16 10  0 49  0 33 12  6 
39 17 13 27 11  6 45  3 15 47  2 41 10  0  7 12  0 33 40 20 30 43  1 16 34  8  0 49 42 26 32 48 38 29 46 23 19  4 37  9 31 44 35 18  0  0 36 14 21 
 0 21  0 43 38  0  0 25 12 49 28 14  7 27  0 42 41 18 32 37  8 22  0 26 47 46 10 33  0  3 16  0 45  0 34 39  6  0  1 17  2  5  9 29 44  4 19 13 30 
10  8 28 25 46 30  0 35 32 22  0  0 39  0 15 11 21 29  2 47  0 14 13  5  7 44  0  4 18  6 41  0  9 20 12 45 40 26 42 43 27 38  0  0  1  0 48  0  0 
 0  9  0  0 33 36 49 20 46  8 43 23 31  0 48  0 16 38 22  0  3 29 21 12 37 24  6  0  7  5 13 47 30 10 39 32  0 11 41 25 34  0  0 42 17 27 45 15 26 
17 14 45  0 10  0  0  8 21  3  0 32 48 35  4  9 22 23 42  0  2 30  0 46 13 40 26 24 44 34 18 27 28 19 11 38 37 33 43 31 29 39 16 49  0  0  5 20 47 
11 31 25 40 35 15  0  0  5 10 18 33  1 45 19 47  0 48 24 17  0 28 32 34  3 27 20  0  0  0  4  0  7  0  0 13  2 14  0 23 26  9  0 30  6 44 22 36 38 
 0  0  0  0  0 34 18 19 41  0  7  0  0 39 30 28 13 44  0 27 25  0 10 33  0 37 42 14 15 45 20  0  0  0 17 11 46  0 22  0 12 49 31  9 40  2 21 35  3 
46 12 42 33 20  0  8  0 22 40  0  0 11 29 21 18 35  0  6 38 26 47 17  9 25  7 23 44  3 10  5  0 31  0 36  0 24 28 19  0  4 34 27 15 43  0  0 39  1 
26 16  2 19 44 22 13  0 23 34 20 28  0  0 39 14  3 10  8 15  0 36 49 43  0 35  0 31  6  9  1 29 40 30 37 48 45 17  0 32  0 27  4  0 11 24 18  0  0 
38 49 30  0  0 27 21 15  0 46 37 43  2 31 36 34 40 32 11 12  1 45  8  6 19  5 48 39 25 41 47 23 24 33 22 20 16 42  0 10 18 35 13  0  7 17 14 29 28 
28  5 39  0 24 37  3 27 26  0  0 47  9  0  0 20  0  7  0 31 33  0 16  0  2 18  0 22  0  0 12 38 13 21  0  0  1  8 40 44 36  0 42 19 10  0 23  0 45 
37 26 49 34  7 11  0 32 31  6 41 21 14 46 28  3 48 24 47 44 45  0 38 17 40 22 29  0 19 27 39 36  2  1 10 35 33  0  4 30 23 15 20  0 16  0 13 18 42 
 0 44 35 22 14  0 20 36 49 23 34  0 28 10 13 27 32  0 41  0  0 31 48 24 33  6 37 16 17 18  8 30 42  7  0  5 26  0 45 11  3  1 15 12  0 19 38  0 39 
15  4  8 18 19 25  9  0 35 12 22 27 13 42 49 38 33 39 34  0  6 10 30 11 14 45 44 23 26 32 43  0  0 37 40 28 21  0 20  2 24 46  7  1 29 36 41 17  0 
33  3 10 48 47 17 16  0 24  0 45 38  0 18 46 23  0 35 25 22 12  0  2 20  1 49  7 21  5 11  6 41 29 14 13 43 31 39 27 36  0  0 30  0 28 26 34 40 37 
31 40 32 39 23 24 38  0 37 48  1 30 43  0  0  7  0  0  0  2  0 34 41 28 15 12 36  8  0 25 33 46 44 45 49 22  0 13  6 16 17 14 47  5  3 10  0 27  0 
 1 30 27 12  2  0  0 39 40  4  3 17  0  5 14 43  8  0 10 11 16 18 35 13 26 47 46 42  9 20  0 28 23 15 24 49 44 25 34  0  7 19 33  6  0  0 32 45 22 
13  6 21  0 45 42  0  0 16 20  8  7  0  2  1 36  0 17 31 26 15 27 43  4  5 19 39  3  0 35 48 34 47 22  0  9  0 37 32 18 41  0 14 44 24 49 25  0 46 
47  0  5 35 17 21 30 34 36 42 25 39 37 19 24 40 23 28 49  0 32  0  0 10 38 15 41  0  0 29  3  6 18 12  0 26 11 31 48  8  9  4 46  0 27 16  2  0  0 
 0  1  0  0  0  0 46 17 48 27 40  8 26  9  5  0 39 15 12 35 47  0 23 32 11 31  0 37 28  0 34  7 25 38  0 18 22  0 30  3 20  0  6  0  0 13  0 19 36 
 0 38 14 37 34  7  0 33 10 28  0  0 41  3 16 25 43 20 26  9 18  5 40 27 48 17  0 47 39 24 22 42 46  2 19  0 32  6 36  1 21 45 11 23  4 29 30 49 44 
25 39 26 32  0  0  0 43 47 45 24 20 22 30 42 46 14  4 19 10 34  3  6  1  0 29  9  2  0 15 35  0 36 11  8  7 27 38 33 49 44 13 40  0  5  0  0 48 17 
27  2  4 11  6  0 19 14  0 16 29 49 35 32  0  0 36 21  3  8 17 13 18 39 12 34  0 45 30 40  0  1 48  0 20 47 41  0 10  0 46 43 25 33  0 31 28  9  7 
12 23 33 10 40 29 22  6  4  1 15  0 44  0 27 31 11  2 45 48 41  7 14 42 49 20 30  0 37 17  9 13 16 47 43  0 39 19 25 35  5 28  0 34  0 38  8 26  0 
 9 48 41 20  0  0 42  2  7 11 12  5 18 23 29 44  1 30 38  6 13  0 26 19  8 25 22 28  0  0 27  0  0 49 33 34  0 40 16 15 37  0  0 35  0  0 24 21 43 
 0 36  6 21 41  2 17  0 14 13 46  0  0  0  0 49  0 16 20 45 10  0 29  0  0  4 15  0 48  0 11  9  1 18  5 37 23 43 28  0 22  0  0 27 39  7 31 25  8 
20 42  0 30 29 45  0  0  9  0 44 22  0 11  3  0  2 31 15 36 19 23  0 18 28  0 47 17 41  0 24 35  6  0  0 40 34  7 14  5 25 12 49 10 37 43  1 33  0 
 5 27 47 23 15 10 43 18 45  0 39 35 20 36  0  8  7 11  0  0 22 48  3 30 44  0 49  1  0 42 28  4 37 34 26  6  9 41 38 33 32 31  0 13  0 14 29 24 19 
24 33 22  0 49  4 40  0  0 37 30  1 15  0 26 17 12 47 43 14 39  6  0  2 10  9  0 20  0 19 25 45 27 31  3  8 18 36 44  0 11 21 41 28  0 32 42 46 48 
35 18 34  0  1 39 11  4  0 43 33 48 24 12  0  6 46  0 28 32 37 40  0 14  0 21 31 19  0  7 15 49 20  0 47 27  0 16  2  0 10 29  0  0  0 23  3 44  5 
32  7 16  0  0  0  0 41  3  0 49 42  0  0 35  5 29 27  0 18 24 37 36 45  0 33 43 25  0  0 23  0 10 44 30  0  4  1  0 20 39 47 26 40 38 11  9  0  2 
14 25  0 44 26 19 37 31  6  0 10  0 32 28 38  1 42 41  0  0  0 24 12  0 27 11  0  0 40  2  0 43 33  0 29  0 49 35 46 45 48  3 22 20 21 15  4 47 18 
19 24  0 15  9 23 44  0 18 41 27 11 46  1 25 48 17 36 29 33 35  0 34  7 32 30  8 13 43 38  2 20  5 28  6  3 12  0 31 22 49  0 39  0 14 42  0  0  4 
 0  0 36 41  0  8 10 29 33 24 48  0 49 38  0 15  0 12 23  1 27  0 31 22 35 14 16  0 13 39 17  3  4  9 21  2  5  0 11 34 19  7 37 32 26 18 43  0 40 
49  0 17  1  0  0 27  0 28 14 23  4 42  0  0 30  0  0  0 16 38  0  0 36  0  0 33  6 31  0 46 32 11 26  7 29 13  0  0 40  0 24 44  2 45  3 15  0  9 
29  0 12  0 30 16 35 22 39 31 47 10  5  0  2 45 24  3  9 42  7 41  4 38 20 48 40 26  8 14 44 37 19 27  0 25  0 32 18 28  0 36  0 11 13  1 17  0 49 
22 11  3 13 32  0 14 30 34 36  0  9  8 43 44 21 28 49  0 40 20 39 42 23  0  0  2 29 24 16  0  0 41  0 18 46 15  0  0  0  6  0 19 31 33 35  7 38  0 
 2 20 37 45 21 31 26  0 17  0 19  0  6 13 11  0 18 14 39 43 46 15 24 49  0 28  5 10 33  0 30  0  0 42 35 16 38 44 23  0  1 48  0 36 41  0 27  8 12 
 0 43 18  4 39 38 33 21  2  0 32 44 25 16 34 13  0 22  5 19 31 12  0 37 17  3 11  0 45 36 29 15 49 40  0 41 30  9  0  0 42 10 24 48 46  6 20  0 23 
21 45  7 46 13  0  4 10 43 18 35  0 16 41 22 29 20  5 33  0  0 26 19 47 24  0  1 34 36 30 42  0  0  6 27 31 25  3 12 39  0 23 28  0  0  0 44 37 14 
16 22 44 17  8  0  0 28 11 25  5 12 40 48 32  0 38 34  7  0  4 49  0  3 31 36 18 15 47 46 45 26 43  0  2 14 20 24 29  0 30  6  1  0 19 33  0 42 41 
 0  0 15 26 42  0 25 24 20 33  0 37 38 49 45  2 31  0 27 21 36 16 28 40 22 13 12  5  1 23  7 10  0  3  9 44 48 34 35 19 43 11 18 47  8 30  6  4  0 
 0 10 20  3 37 33  0  0 13 19 31 26  0 44 47 35 25  0  1 39 11  2 46 29  0 41 17  0 32 28 49  0 14  4 15 42 36 18  9 21 40  8 48 24 34  5 16  7 27 
34 35  0 47 27 43 23  1  8  0  4  2 30 22 18 37 19  9  0 24 28 42  0 25  6 39  0 48  0 31 40  0 21 41 16 10 17 49 26  7 15  0  0 38 36 45 46  0 13 
36 19 24  0 31  0  0  7  0  0 21  0  3 14 12 41  6  0 13 30 40  8  9 44 43  0 45 11 29  0 38 18 17 35 48  4 47  2  5  0 16 33 32 25 23 20 26 22 15 
30  0 38  5 18 48  2 46 42 32  0  6 36 47  0 16 15 26 17  3  0 20  7 21  4 23 27 35 34  0  0 44  0  0 25  0 28 22 13  0 45 41 43 39 31  0 49 11 10 

