29 24 26 28 27 25 32 31 30 33 34 35 36  1  2  3  4  5  6  7  8  9 10 11 12 13 14 15 16 17 18 19 20 21 22 23 
35 30 32 34 33 31  2  1 36  3  4  5  6  7  8  9 10 11 12 13 14 15 16 17 18 19 20 21 22 23 24 25 26 27 28 29 
 5 36  2  4  3  1  8 10  6  9  7 11 12 13 14 15 16 17 18 19 20 21 22 23 24 25 26 27 28 29 30 31 32 33 34 35 
23 18 20 22 21 19 26 25 24 27 28 29 30 31 32 33 34 35 36  1  2  3  4  5  6  7  8  9 10 11 12 13 14 15 16 17 
11  6  8 10  9  7 14 13 12 15 16 17 18 19 20 21 22 23 24 25 26 27 28 29 30 31 32 33 34 35 36  1  2  3  4  5 
17 12 14 16 15 13 20 19 18 21 22 23 24 25 26 27 28 29 30 31 32 33 34 35 36  1  2  3  4  5  6  7  8  9 10 11 
18 19 21 23 22 20 27 26 25 28 29 24 31 32 33 34 35 30  1  2  3  4  5 36  7  8  9 10 11  6 13 14 15 16 17 12 
36  1  3  5  4  2  9  8  7 10 11  6 13 14 15 16 17 12 19 20 21 22 23 18 25 26 27 28 29 24 31 32 33 34 35 30 
12 13 15 17 16 14 21 20 19 22 23 18 25 26 27 28 29 24 31 32 33 34 35 30  1  2  3  4  5 36  7  8  9 10 11  6 
 6  7  9 11 10  8 15 14 13 16 17 12 19 20 21 22 23 18 25 26 27 28 29 24 31 32 33 34 35 30  1  2  3  4  5 36 
24 25 27 29 28 26 33 32 31 34 35 30  1  2  3  4  5 36  7  8  9 10 11  6 13 14 15 16 17 12 19 20 21 22 23 18 
30 31 33 35 34 32  3  2  1  4  5 36  7  8  9 10 11  6 13 14 15 16 17 12 19 20 21 22 23 18 25 26 27 28 29 24 
 1  2  4 36  5  3 10  9  8 11  6  7 14 15 16 17 12 13 20 21 22 23 18 19 26 27 28 29 24 25 32 33 34 35 30 31 
 7  8 10  6 11  9 16 15 14 17 12 13 20 21 22 23 18 19 26 27 28 29 24 25 32 33 34 35 30 31  2  3  4  5 36  1 
13 14 16 12 17 15 22 21 20  5 18 19 26 27 28 29 24 25 32 33 34 35 30 31  2  3  4 23 36  1  8  9 10 11  6  7 
19 20 22 18 23 21 28 27 26 29 24 25 32 33 34 35 30 31  2  3  4  5 36  1  8  9 10 11  6  7 14 15 16 17 12 13 
25 26 28 24 29 27 34 33 32 35 30 31  2  3  4  5 36  1  8  9 10 11  6  7 14 15 16 17 12 13 20 21 22 23 18 19 
31 32 34 30 35 33  4  3  2 23 36  1  8  9 10 11  6  7 14 15 16 17 12 13 20 21 22  5 18 19 26 27 28 29 24 25 
 2  3  5  1 36  4 11  7  9  6 10  8 15 16 17 12 13 14 21 22 23 18 19 20 27 28 29 24 25 26 33 34 35 30 31 32 
 8  9 11  7  6 10 17 16 15 12 13 14 21 22 23 18 19 20 27 28 29 24 25 26 33 34 35 30 31 32  3  4  5 36  1  2 
14 15 17 13 12 16 23 22 21 18 19 20 27 28 29 24 25 26 33 34 35 30 31 32  3  4  5 36  1  2  9 10 11  6  7  8 
20 21 23 19 18 22 29 28 27 24 25 26 33 34 35 30 31 32  3  4  5 36  1  2  9 10 11  6  7  8 15 16 17 12 13 14 
26 27 29 25 24 28 35 34 33 30 31 32  3  4  5 36  1  2  9 10 11  6  7  8 15 16 17 12 13 14 21 22 23 18 19 20 
32 33 35 31 30 34  5  4  3 36  1  2  9 10 11  6  7  8 15 16 17 12 13 14 21 22 23 18 19 20 27 28 29 24 25 26 
 3  4 36  2  1  5  6 11 10  7  8  9 16 17 12 13 14 15 22 23 18 19 20 21 28 29 24 25 26 27 34 35 30 31 32 33 
 9 10  6  8  7 11 12 17 16 13 14 15 22 23 18 19 20 21 28 29 24 25 26 27 34 35 30 31 32 33  4  5 36  1  2  3 
15 16 12 14 13 17 18 23 22 19 20 21 28 29 24 25 26 27 34 35 30 31 32 33  4  5 36  1  2  3 10 11  6  7  8  9 
21 22 18 20 19 23 24 29 28 25 26 27 34 35 30 31 32 33  4  5 36  1  2  3 10 11  6  7  8  9 16 17 12 13 14 15 
27 28 24 26 25 29 30 35 34 31 32 33  4  5 36  1  2  3 10 11  6  7  8  9 16 17 12 13 14 15 22 23 18 19 20 21 
33 34 30 32 31 35 36  5  4  1  2  3 10 11  6  7  8  9 16 17 12 13 14 15 22 23 18 19 20 21 28 29 24 25 26 27 
 4  5  1  3  2 36  7  6 11  8  9 10 17 12 13 14 15 16 23 18 19 20 21 22 29 24 25 26 27 28 35 30 31 32 33 34 
10 11  7  9  8  6 13 12 17 14 15 16 23 18 19 20 21 22 29 24 25 26 27 28 35 30 31 32 33 34  5 36  1  2  3  4 
16 17 13 15 14 12 19 18 23 20 21 22 29 24 25 26 27 28 35 30 31 32 33 34  5 36  1  2  3  4 11  6  7  8  9 10 
22 23 19 21 20 18 25 24 29 26 27 28 35 30 31 32 33 34  5 36  1  2  3  4 11  6  7  8  9 10 17 12 13 14 15 16 
28 29 25 27 26 24 31 30 35 32 33 34  5 36  1  2  3  4 11  6  7  8  9 10 17 12 13 14 15 16 23 18 19 20 21 22 
34 35 31 33 32 30  1 36  5  2  3  4 11  6  7  8  9 10 17 12 13 14 15 16 23 18 19 20 21 22 29 24 25 26 27 28 

