40 37  7 57 10 35  0 20 34 62 33  0  0 30  3 18 32  0 58 47 38 14 45 31 29  4 59  1 27  0 63 21 50 36 39  0 61 24 19 12 48 28 56  0 25 60  8 13 16 49 55  0  0 15  0 17 42 64  5  0  0 43  0  0 
56 15 13 21 61 47 38 18 31 29 32 54  0  4 46 11 25 19 30 43  0  2 49  8 39  0 20 36 12 17 62 60 40 48 26 42 23 41 45  0 34 58 52 33 27 14 37 50  0  9 24  3 63 59 22  5 53 28  6  7 10  0 44 35 
36 52 55  1  5 16 51 59  0 39 12 13  7 28 38 19 15 37 27 57  0 17 46 20 31 14 48  0 11  0 24 34 18 21 25  0  0 44 43  0 54  9 41 53 29 61  0 64 50  0 23  6  0  0  0 10 60  2  4  0 40 45 33 26 
39 62 49  0 30  0 19  6 21 10  0 24 44  0  1  0 36  0  7  9 50 34 64  0 53  0 51 23  2 55 38  0  3 57 31 59  0 16 20 37 47  4 11  0 43 15 46  0  0 60  0 41 13 61  0 28  0  0  0  8 52  0 18 58 
60 64 12  0  0 42 44 28 23 52  9  0 37 35 48 40 18  1 13 22 10 51  5 56 50  0 45 43 16 58 46 41 27 38 62  8  4  6 29 33 20 57 26 17  0  2 49 63 39 31  0 34 54  7 36  0 30 25 15  3 24  0 14 59 
 2 45 46  9 17 31  0 63 22 55 36 15 49 50 60 26 59 42  0  0 61 28 21 16 25  0 13 10 37  0  6  0 64 32 11  7 14 58  0 53  3 40 18 19 51 35 24  0 12 20 57 27 52 44 43 29 54 41 48 34 47 38 56 62 
 8 11 34 43 29  0 50 48 47 25 27 14  5 63 53  0 44 52 60 40  0  3 26 23 18 33 22  9 35 32 49 15 30 46 54  0 28  2 55 10  6  0 39 31  0 59 16  7 58 38  4 51 37  1 62 45 13 19  0 20 36  0  0  0 
 4 14 27 24 25  3 23 58  8 43  2  0 17  6  0 59 11 48 53 41 12  0  0  0 28 64  0 52 42 61 19  0 22 15 60 13 49 34  5  9  1 45 30  0 36 32 10 38 56 18 46 35 40 33 26 47  0  0 50 16 31 39  0 55 
14  0 30 19  4 62 34 12 35 21 63 29 54 37 22 31 43  0  0 50  0 45 57  2 10  9  3 49  6 51  0 25 55 52 61 20 46 36 28  0  8 38  0 42 11 44 48 59 17 40  0 39  0 64 27 41 33  0  0 18 60  0 26  0 
44  0 39 56  0 13 61  0 18 38  0  0 50  0 43  1 64 16 34  0 47 35  4 62 40 42 32  8 20  0 36 31  0 51  0  0 54 15  0  0 45 41 24 58  0  0 23 12  7 55 21 49  0 29 48  0 37 52 53  6  0  0 46 10 
 0 33 28  0 42 26  5 10  7  0 53  0  0  8 61 17 12 27  0  0 40 19 31 46 13 18 56 59  0 15 34 45 49 64 37 47 35 38 60  1 29 32  0  0 63  0 50 54 62  3 51 23  0 58  9 36 48 11  0 25 43 24  0  2 
47 32 18  0 16 52  0  0  0  0 44 39  2 15  9 23  1 30 36 28  0 61  0 42  0 62 60  0  0  0 55  0  4 14  7  0 11 10 13  0 46 64 40 37  0  0  0  0 20  5 45  0 50 54  8 34  0 29  0 27 21 41  0  0 
53 22  0  0  0 46 48  0  0  0 28 62 40  0 52  0  5 51  9 17 63  0  0  0 37 16 21 44 47 38 61 64 41 19 23 18 43  0 39 45 14  0 55 26  2  6  0 57 10  4  0 32 60 13 42 31  0 50  0  1 54 49 34 36 
11  9 23 49  0 37 43 36  0 32  0 42 60 33  0 47  7 24 14 55 15 29 59 18 41 19 26 54  1 48 57 52  0  3 53 27  0 22 30 21 31 62 51 61  0 13  0 25 35 46 63  0  0  0 28  2 39  0  0 12  0  5 17 44 
 0  0 64 40 45  8 63  0 13  0  0  0 11 36 59  0 22 38  3  0 37 53 10  0  0 50  0 58 23 24 30 43 34  6 44 12 26 29 17  0  0 60 15  0 35 16  0 27 33 47 61  0 14 56 52 19  0 51  0  4  0 62 42  0 
 0  0 60  6  0  0 58  0 45 64 46 55  4 57  0 51 56 13  0 48 41 20  8 21  2 22 28  0 29 11 39  0 62  0  5 32 59 42 31  0 36  0 19 34 53 47 18 52 43 15 26  0 12 25 44 37  0  0  9 61 23 35  0 14 
15 26 44 53  0  0 62 34  6  0  0 56 46  0  5 36  3  0 35 51 57 33 12 30  8 37 63 61 45 39  0  1 48  7 29 43 50  0 58  0 41  0 23 55  0 49  0  0 28 32 10 40 19 47 31 22 21  0  0  0 38  0 20  0 
 0  0 22 28  0  1  0 38 57  0 18 19 13 60 39 30  8  0 20  0 29 24  2  0 15 52 35 32 34 33 47 16  0 62  0 55 37 51 53 54  0 50 14 27 48 12  5 45 44 17 58  0 25 36 46  7  0 42 11 41  0 31 61  4 
20 31  0 29 55 32  4  0  1 22 58 50 27  0 17  0 60 26  0 52  0 56 47 13  9  0  2 25 10 57 28  0  0 30  0 40 19 14 33 46 38 35 54  0  3 62  0 44 15 64 16  0 21 24 11  0  5 59 39 51 53  8  0 34 
42 54  0 51  7 57 59 23 53 40  0 28 43 31 34  0 45  0 64  0  1 58 48 27  6  0 30  0 62 50  0  0 17  8  0  2  9  4 26 61 56 18 37 32 24 10  0 21 63  0 39  5  3 60 49 52 46 36 44 47 15 25 29 33 
35  0  8 48 19 36  0 33  0 24  3 63  0  0 10  0 14 54 22 23 32  7  0  0 20 44 17  0  0  0 41  5 12 59  0 15 47 49 21 39  0  0 53  4 31 25 51  2  1  6 50 62 56 45 61 27 43 58 60 64  0  0 57 40 
 0  0  0 50 12 56  0 17 33  8 42  7  0  0  0 55 31  0 46 34 25 18 44 15 36 11 64  0 48 27 23  4 52 35 20  0  1 28  0 24 26 29 61 22 40  0 60 43  0 51  2 13 59 57  0 53 62 32  3 37 63  0  0  6 
 0  0 47 30 14 60  6 39 26 15 16 51 25 45 62 37 21  0 28  0 11 10 63  0 56 46 43  3 54 40 59 58 38  0 36 22  0  5 18 31  0  1 64  8  0  0 20 34 48 12 41 55  4 23 29 42 35 13  0  0  7 27 50 52 
52 25 37 18 64  2 13 41 44  4 61  0 59  9 54  0  0 62 17 42  5 50  0 40 51 60 31 21  7  0  0  0 63 27 10  0  3 23 57  6 39 36 46  0  0  0 47  0  0 26 34 30 43  0 33 14 49 12 22 45  0 48 55  1 
 0 36 19  0  0 24 37 52  0  0 39  4 41 53 27  0 57 56 25 49  0 59 23  0  0  5 54  0  0 44 32 63  0 40 46 30  7  8  0 50 43 26 42 13 28  3 64 18 61  1 31 14 51  0 12  0  0 33 62 29 48 20  6 60 
 0  4  0 41 39 48 56 53 36 44  6 33  0 24  0 25  0  3 42  0  0 13 35 38 64  0 47 62 49 22  2 20 21  0 17  0  0 61 52  0 15 19 45  1  0 46 34 32 27 11 18  0  7 16  0 30 23  9 26 40  8 59  5  0 
 0 35 54 34  8 45 28 40 49 18 21  0 47 17 37  0 39 46 33  0 64  0 36  0  3 15 55  0  9 30 51 23  0 20  0 62 27 25 32  4 11 44  2  0 12 24 29 56 19 10  5 57 48 26  0 60 22 43  0 53 16  7  1 50 
26  0  0  2 46 64 32 25 48 63  0  1  9 16 12 20 28  0  0 31 51  0  0  0 33 58  0 39 19 41 50 53 54 42 24 49 57 11  0  3 17  0  0  7 30  8 14  4 36 13  0 45 62 40 23  6 52  0 10 35 34 56 38 47 
55 38 50  0  6  0 60  5 40 13 26 43  3 10  7 54  0 47 15  0  0 12  0 24 42 36 27 28 46  1  0 18 14  9 56 44 29 35 48 58 61 37  0 23 16 52 21 53  0  0  0  0  8  4  0  0 11 31 64 30  0 32 39 49 
 0  0 21 12  0 59  0 44 52  0 51 32 42 22  8 34  6 60 48  1 19  9 40 10  0  0  4  0 14  0 37  0  2 39 43 26 15 45 64 23 35  5 38  0 62 27 54 20 24 33  3 46  0 50 53  0 17 63  0 55  0 36 41 13 
29 63 20 61 23 10  0 42  0 19  5  0 56  0  0 62 53  0 11 26 18  0 43  7 52 35  6 40 59 60 48 17 13 55 51  0 36 33 38 28 58 22  0 50  0 41  0 49  0 44 47 21 34  0  0 64  3 14 54  0  0 12  0 24 
 7  0 17  0 62 43  3  0  0 57 59 23 35 64 50 60  0 61 44 30 20 32  0  0 34 56 24  0  8 12 26 10 47  1 18  0 41 19 16  5 55 33 36  0  6 31 40 48  9 29 15 38  0 52 39  0 25 46 28 58 37  2 21 45 
49 50  0 60 24 54 42  1 63  0 47 59 38 14 64 22 41 45 26 18  6 15 16  0 27 20  8 29  3 46 56 61  0  0  4 28 33 40 35 52 44 31 43 25 37 48 13 30 34 19 32 36  0  0  5 62  2 17 51 21 57  0 53  9 
17  0 35 59 33  0 47  0 62 50  8 27  0  0 21 39 13 64 19 36 60 57 51 28 63  1 18 38 31 10  4 40  7 34  9 46  0  0  0 56 24 23 49 14  0  0 12  0 11  0 22  0 41 53  0  0  0  0  0 52  6 42  0  5 
18 51 26 36 34  0 22 61  0 16  0  3 20 13 55  6 29  7  8 62 14 31  1 35  0 25  9 42 64 43 54 11 53  0 21 60 10 63 59  0  0  0  0  0  0 40  2 33 52 37 28 47 58  0  0 57 12 39 56 32 41  4 48 15 
 0 56 52  5 48  0 14  7  0 34  0 18 61 54 25 35 10 21 23 63 42 30 53  0 44  0 12 50 28  0  0  0 51 41  8  0  0 55  0 57  4  3  6  0 20 22 15  9  0 27 17 64  0 46  1 38  0 62 47 43 29 33 49 16 
64 12 43 39 40 53 41  0 29 33 15  9 26 11  0  5  0  0  2 37  0  0 20 44  0  6  0 45 58 34 52 32  1 17 38 19 42 50  3 49  0 51  7  0 21 57 62 35  0 59  8 61 30 48  0  0  0 60 27 54 25 13 36 31 
13  6 57 44 31 63  0 46 43 51 40 49  0  0  0 28  0 55 38 32 39  0 50 48 62  0 19 37  5 35 17 47 16 54 27  0  0 30 12 15 60 42  1  0 52  0 36  8 45  7  9 33  2 10 21  3 14  0 23 59 18 61 24  0 
37  0 32 23  0 21  2  0  4 17  0 60  0 52  0  0 33  9  5  0 43 25  3  0 30 48  7  0 15 49 16 22 31 24 58 45 18  0  0 14 28 55 47 56  0 54 53 39 29 42 12  0 35  0 50  0 34 38 46  0  1  0 40 11 
38  0  4  3 28 25  9  0 37 42 23  0 48  1  2 10 54 40 24 27 52  0 17 11 59 41 57 53 36 21 33 13 32 43 47 61 22  0  6 29  5 46  0 16  0 34 58  0 14  0 60 31  0 18  0 51 45  8 35 44 50 30  7 64 
 6 42  0 35 21 12  8 45 27  0 37 25 62 43 13 29  9 33  0  7 34  1  0 50  4 59 40 18  0  0 64  0 19 58 30 54  5 32 14 17 53 39 16 36 15 56 55 10  3  0 52 11 23 31 57  0 41 61 24 46 49 44  0 38 
48 23  0 11  0  0  0  0  0 47 52 46 64  7  0  0 61 12 57 13  0 37  0  0 19 17 58  0 51 26  9  3 24 10  2 63  0  0 40  0 22  6 20  5  4 50 42  1 30 34 27 15 45 39 59 25  0 55 43 14  0 16 54 21 
28  0 16  4  3 39 40 13 60 12 24 17 30 51 56  0 42 32 55 35 54  0  0  0 49 53  0  0  0 23 21 48  0 18 50  0  6 59 44  7 37  0 31  2 61 45 52 14 47 58 29 10  0 63 20 33 64 26  1 62  0  0  0  0 
51 46  1 10 56  0 64 47 61  2 35  0 18 23  6 16 40  0  0 20  0  0 39 19 24 29  0 27 43 42  8 54 28 53 12  0 45 48  0 13 25  0 58  0  7 63 33 62 32 21 14  0  0 17 37  9  0  0 59 15  5 22 11 57 
50  0 59 22 20  9 52 26 54  0  4 45 15 55 19 21 48  0 47 64  0  6  0  5  0 13 38 30 56 37 25  0 39  0  0  0 62  3 51 42 32 17  0 24 18 23  0 40  0 61 53 60 44  2  0  8 31  7  0  0 58 34 28 12 
25  0 61 15 41  0 53 24 39  0 48 22 34  3 14 63 58 59  0  0 16 26 62 49 35 32 10 12 55  0  0 33 57 23  1  4 60 64  0 27 19 47  8 46 38 51  0 28  6 54  0  0 18 43  0 40 29 20 17  2 42 50 13 37 
27 60  0  0 37 55 30 29  5  1 57 11 58 59 49  0 17 10 63 38  2  8 56 53  7 39  0  0 61 45  0  0 43 22 16  0 34 21 47 20 12 54  9 64 41 26 35  0 42 28 13  4 46 51 19 24  0 23 52  0 33 40 32 18 
63 34 36 17 58  7 54 57 28 31  0 40  0 32  0 42  4 14 18 24  0 23 25  3 16  2  5 46 50 47 20  6 61 49 55  9 52 37 15  0 21 48 13 11 59  0 44 29 41 22 64  0 38 62  0 12 56  0 19 60 39 51 45 53 
16  0 38 42 60 18 36 19 51  0 50 53 63 21 35 46 24 25 59  0 17 44 27 22 11 49 23  0 39  9  0  0  0  0 14 48 20 57 10 41  0 13  0 40  0 58 45 31  4 30  0  0 33  0 64  0  7 47 12 56  0  0 52  8 
 0  3  0 31  0 61 49 14 25  0 54 57 55 62  0 52  2 28  0 58  9 40 11  0 17 21  1 64 53 59 35  0  0 13 15 29 51  7 23 22 30 20 12 48 60 38 32  0  0 24 37  8 27 34 56 39 50  0  0 42 44  0 10  0 
59 28  0  0  0 29 27  2 20 48 13 37 12 58 11 15  0 34 56 33  0 38  0 64 22 61 41  0 18 16  5 42 26 31 49  0 30 43 24 32  7  8 10 35 23  0  9 46  0  0 44 63 47  0 17 50  0 57 40  0 62  0 60  3 
62 47 56  0 44  0 12  0 42 28 17  8 29 18 16 43 52 36 37  6  3  0 61 45 14 54 25 20  0 19 10  2 35  0 59 39 55  0 46 38  0  0 33 49  1  0 63 24 22 23 40  0 31  0 13  0  9  5 34 11 30 53 51  0 
10 17 33  0  0 30 11 54 64  0 38  6 36 19 32 45 46 50 39  5 31  0  7  1 58  3 52 34 44 56 12  0  9 28 40 21  0 53  0 18 27  0 62 43 57  4 61  0 55 14 20 48 16 35 60 15 24 49  0 22  0 37 59 23 
58  0 53 37  0 34 45 55  2 30 49 47 24 27 23 44  0  0 10 12 13  0 32 63  0  8 33 60 38  0 40  0  0  0  3  0  0 62 56 19 59 11  0  0 14 18 28 51  0 43  0 52  9  5  0 46 16 35 21 31 17 15 25 61 
 0 21  9  8 57 40 20 32 56 59 14  0 39 61  0 33 30 23  0  4  0 62 42 60 47 45 29 24 63  6 15 46 44 37 52 58  0 12 50 11 16 53  3 54  5 19 17 55 51 25 38  7 49 41 10  0 26 48 36  0 13 18 64 27 
23 39 48  0 35  5 24 15  9 60  1 10 22 40  4  0 51 18 41  8 49  0 19 57 32 27 62  0 26 28 13 30 33 47  0 17 16  0 25 34 52 56 44 29 50 42  6 37 53  2 59 12 36 11  0 61  0  0 14 38 46 55 58 43 
33 27 10 52 59  0 15  0 12 45 43  0 28 38  0 24 49 17  0  3  0 60  0 41 46  7 42 22  0 31  0 44 29 56 48  5  0  1 61  0 51  0 32 57 34 53 26 19 37  0 35 58 64  8 18  0 47  0 20 50 14 23  4  0 
43 29  3 47 63 49  7 11 41 53 60  0  1  0 18 14 16 15  0 25 44 36 28 51 21  0  0  6  0  0 58 55 20 45 19 34 24 52 27 35 23 61 48  9  0 64 31 17 46 57 33 22 10 12  4  0  0 56 37  0 59  0 62 42 
32 53  0  0 51  4 35 64 17  0  0 31  0  0  0  0 37  2  0 19  0 42  0  0 45 28 16  5 52  8 14 59 60 26 22  3 44 18  0 30 13  0  0  0 39 55 25 36 38 62 56 20  0 21 34 23 61 24 49 33  0  0 15  0 
 0  2 42 26 54  0 55 56 30  0 62 21  0  0 29  3  0 57 50 11 59 64  0 34 60 63 53 48 41 20 18  9  0 16 28 10 39 47  8 36 40 12  4  0 22 37 27  0 31 52 49 43  0 14 25  0 32  1 38 13  0 46 35  7 
61 48 40 13 22  0 57 37 59 46 56 44 23 34 42  9 27 63  0  0  8  5 58  0 54 10 49  2  0  4  0 19 15 25 41 14  0 17  7 43  0 24 35 52 47  0  0 60 26 50  6 28 29 30 51 55 18 53 31 36  0 64 16  0 
 1 44 25 16 36 14 31 50  0 49  0 58 32  0  0 13 35  0  0 10 48 39 30 61 26 23 37  0 40 62 29 12 11  0 42 51 38 46  0 64  0  0 28  0  8  0 56  6 60 41  7  0 24  9 45 59  0 34 57 17  3 52 43 22 
34  8  5 62 18  0 17  0 16 37  0 64  6 47  0  4 38 20  1 56  0  0 52 43 61 51 39 35 24  0 27 57 58 12 32 50 31  0 54 59 49 14 29 30 46  7  0 42 13  0 11 19 15  0 40 48 44 10 25 63 45  0  0 28 
12 30 24 45  0 28  0 60  0 35  7 52  0  0 51  0 26 31 29 46  4 22 18 14  0  0 15 17  0 64  0 56 37  2 57 23 53  0  0 62 33 16 59  3 44 20  0 58  5  0  0 42 61 27 47 63 40  6 41  9 55 21 19 48 

