 0 18 20 16 17 14 11  0  0 15  0 21 23 22 25  6  7  8  9 10  1  2  3  4  5 
 4  0  5  1  2  0  6  8  7 10  0 12 13 14 15 16 17 18 19 20 21 22  0 24 25 
25 21 24  0 22 19 16 18 17 20  6  7  8  9 10  1  2  0  4  5 11 12 13 14 15 
 9  0 10  6  7 21 24 22 25 23  1  2  3  4  5 11 12 13 14 15 16  0 18 19 20 
14 13 15 11 12  4  1  3  2  5 16 17 18 19 20 22 23 21 24 25  6  7  8  9  0 
22 17 16 13 23 18 10 21 15 12  8  9 20 11  0  4  5 24  7  6  3  0 14 25  2 
 0  0 18  4  8 24  3 23  1  0 13 22 25 12 14  9 16 19 11 17  5 15 20 21  7 
 2  5 14  3  1  7 19  0 16 11 18  0 21 24 23  8 10 25 22 12  4  9 17 13  6 
20 11 21  9 19 17  8  0 22 14  4  5 10  7  6  3  1  0  0  2  0 24 16  0 23 
 0 25 12 24 15  0  4  9  5  6  0  1 16 17  2 18 20 14 21 23  8 10 22 11 19 
 0  1  3  0  0 25  0 17 13  8 23 16 19 10 18  0 24 11 20  9  7  4 21  6 22 
11  0  4  7  0  5  2  1 18  3 12 24  0  8 22 14 21 23 10 13 20 25 19 15  9 
 0 23  8 12 25 11  7  6  4  9  0 20  1  5  3 17 15 22 18 19 14  0 24 10 16 
24 19  9 14 20 16 22 10 23 21  7  4  6 15 13  2 25  1  5  3 12  8 11 17 18 
18 22 13 17 10  0 12 15 24 19  0 25 11 21  9  7  4  6  8 16  2  0  1  5  3 
 1  4  2  0  6 12 25 11 21 24 20 18  9 23  8 15 14 16  0 22 10  5  7  3 13 
 3  9  7  5 13  1  0  2  0  4 22 19 24 25 11 10 18 20 23 21 15  6 12 16 14 
23 20 17  0 18  3  5  0  6 16 10 14  2  1  4 19 13  9 12 24 22  0 25  8 11 
16 12 11 22 14 15 18 19 10 13  5  6  7  3 21 25  8  2  1  4 17 20  9 23 24 
 8 24 25 10 21 23 20 14  9 22  0 13 12 16 17  5  6  7  3 11  0 18  2  0  0 
 5  2  1 18  3  8 15  4 20 25 17 10 22 13 24 23 11 12 16 14  9 19  6  7 21 
13  7  6 25  4  2  9 16  0  0 19 23 14 20 12 21 22 10 15  0 24 11  5 18 17 
12 15 19 20 11  6 23  5 14  7 21  3  4  2  1 24  9 17 25 18 13 16 10 22  8 
17 16 22  8  9  0 21 24 19 18 25 11  5  6  7 13  3  4  0  0 23 14 15 20 12 
10 14 23  0 24 22 13 12 11 17  9  8 15 18 16 20 19  5  6  7 25  3  4  2  1 

