19  0 20  0 16 11 12 13  0  0 24 21 23 22 25  6  0  0  9  0  1  2  3  4  5 
 4  0  0  2  1  6  7  8  0  0  0 12 13 14  0  0 17 18 19 20 21  0  0  0 25 
 0 21  0 22 23 16 17  0  0  0  6  7  8  9 10  1  2  3  4  5  0 12 13 14 15 
 9  0 10  7  0 24  0  0  0 23  0  0  0  0  0 11 12  0 14  0 16  0  0 19 20 
14 13 15  0 11  1  2  0  0  0 16 17  0 19 20 22 23 21 24 25  6  7  8  9  0 
 2  5  0  1  3 19 16 20  0 11  0  0 21 24 23  8  0 25 22 12  4  0 17 13  0 
 6  0  0  8  4  0  1  0  0  2 13 22 25 12  0  0 16  0 11 17  5 15  0 21  0 
 7  0 12  0 24  4  5  9 13  6  3  1 16  0  2 18 20  0 21 23  0  0 22  0  0 
 0  0  0 19  9  0  0 25 17 14  0  5  0  7  6  3  1 15 13  2  0  0 16  0 23 
22  0 16 23 13 10 15 21 18 12  8  0 20 11 19  4  5  0  7  0  3  1 14 25  2 
 0  0  0  5  0 14 13  0 25  0  0 16  0 10 18 12 24 11 20  0  7  0 21  6 22 
11  6  0 16  0  2 18  1  5  0  0  0  0  0 22 14  0 23 10 13 20 25 19 15  9 
 0  0  8 25  0  0  0  6  0  9  2 20  1  5  3 17 15 22  0 19 14 13 24 10 16 
 0 19  9  0 14 22 23 10 16 21  7  4  0  0 13  2 25  0  0  3  0  8 11  0 18 
 0  0  0 10 17 12 24  0 20 19 14 25  0  0  9  0  4  6  8  0  2 23  0  5  3 
 0  4  2  6 19 25  0 11 12  0 20 18  9 23  8  0  0 16 17 22  0  5  0  3  0 
 3  9  7  0  5  0  0  2  0  4  0 19 24 25 11  0 18 20 23 21 15  0 12  0 14 
23 20 17 18 15  5  0  0  3 16  0  0  2  1  0  0 13  0  0  0 22 21 25  0 11 
16 12  0 14 22 18 10 19  0  0  0  6  7  3 21 25  0  0  1  4 17  0  9  0  0 
 8 24  0 21 10 20  9 14 23 22  0 13 12 16 17  5  0  7  3 11 19  0  0  1  4 
 0  2  0  3 18 15  0  4  8  0 17 10  0 13 24  0 11  0 16  0  9 19  6  7 21 
 0  7  6  0 25  9  0 16  0  1 19 23 14 20 12  0 22  0 15  8 24 11  5 18 17 
12 15 19  0 20  0 14  5  6  0 21  3  4  2  0 24  9 17 25  0  0 16 10 22  8 
 0 16 22  9  8 21  0 24  0 18  0 11  0  6  7 13  3  0  0  1 23  0 15 20  0 
 0 14 23 24 21 13  0 12 22 17  9  0 15 18 16 20 19  5  0  0 25  0  0  2  1 

