 0  2  3  0  5  6  7  0  0 10  0  0  0 14  0  0 17 18 19 20 21 22  0 24  0 
11  0  0 14 15  0  0  3  4  5  0 17 18  0 20 22  0  0  0 25  6  7  0  9 10 
 6  7  8  0  0  0  0 22  0 23  1  2  0  0  5 11 12  0  0 15 16 17 18  0 20 
 0  0 21  0 24 16 17  0 19 20  6  7  0  9 10  1  2  3  4  5 11  0  0 14  0 
16 17 18 19 20 11 12 13 14 15  0 21  0 22 25  6  7  0  9 10  1  2  0  4  0 
 0  1  5  2 14 19 16 20  7  0 18 15  0 24  0  8 10 25 22 12  4  0 17 13  6 
 0  0  0  6 18  3  1 23 24  0  0 22 25 12  0  9  0  0 11 17  0  0 20 21  7 
24 15 25  7  0  4  5  0 13  6  0  0 16  0  2 18 20  0 21 23  8  0 22 11  0 
 9 19 11 20 21  0 22  0  0  0  4  5 10  7  6  3  1  0  0  2  0 24 16  0 23 
 0 23 17 22 16  0 15 21  0 12  0  0 20  0 19  4  5  0  7  6  3  1  0  0  2 
 0  0  1  0  0 14  0 17 25  8  0 16 19  0  0  0 24 11 20  0  0  4 21  6 22 
 7  0  6 11  0  0  0  1  5  3 12 24  0  8 22 14 21 23 10 13 20 25 19 15  9 
 0  0 23 21  8  7  4  6 11  0  0 20  1  5  3  0 15  0 18  0 14  0 24  0 16 
14 20  0 24  9 22 23 10  0 21  7  4  6  0  0  2  0  1  0  3 12  8 11 17 18 
17  0 22  0  0  0 24 15 20 19  0 25  0 21  0  7  0  6  8 16  2  0  1  5  3 
19  0  4  0  2 25 21  0 12 24 20  0  9 23  8 15  0  0  0 22 10  5  7  3 13 
 5 13  0  0  7  0  0  2  0  4 22  0 24 25 11 10  0 20  0 21  0  6 12 16 14 
15 18  0  0 17  5  0  0  0 16  0 14  2  1  4  0 13  0 12 24 22  0 25  8  0 
22 14 12  0 11 18 10  0 15 13  5  0  0  0 21 25  8  2  1  4 17 20  9 23 24 
10 21  0  0 25 20  9 14 23 22  0 13 12 16  0  5  0  0  3 11  0 18  0  0  0 
18  0  2  5  1  0 20  4  8 25 17 10 22 13  0 23 11 12 16 14  9 19  0  0 21 
25  4  7  0  6  9  3 16  0  0 19  0 14 20 12  0 22 10 15  0  0 11  0  0 17 
20 11 15 12 19 23  0  5  0  7  0  3  4  2  1 24  9  0  0 18 13 16 10  0  8 
 8  9 16 17 22  0 19 24 10 18  0  0  5  6  7 13  3  4  0  0 23 14  0 20  0 
 0 24 14  0  0 13  0 12 22 17  9  8  0  0 16 20 19  5  0  7  0  3  4  2  1 

