 0  2  3  4  5  6  7  0  0 10  0 12 13 14  0 16 17 18 19 20 21 22 23 24 25 
11  0 13 14 15  0  2  3  4  5  0 17 18 19 20 22  0 21 24 25  6  7  0  9 10 
 6  7  8  0 10 24 25 22 21 23  1  2  3  0  5 11 12  0 14 15 16 17 18 19 20 
 0  0 21  0 24 16 17 18 19 20  6  7  8  9 10  1  2  3  4  5 11  0  0 14 15 
16 17 18 19 20 11 12 13 14 15 24 21 23 22 25  6  7  8  9 10  1  2  3  4  0 
 3  1  5  2 14 19 16 20  7 11 18 15 21 24  0  8 10 25 22 12  4  0 17 13  6 
 0  0  0  6 18  3  1 23 24  0 13 22 25 12 14  9  0 19 11 17  5 15 20 21  7 
24 15 25  7 12  4  5  0 13  6  3  0 16 17  2 18 20 14 21 23  8 10 22 11 19 
 9 19 11 20 21  8 22  0  0 14  4  5 10  7  6  3  1  0  0  2  0 24 16  0 23 
 0 23 17 22 16  0 15 21 18 12  0  9 20  0 19  4  5 24  7  6  3  1 14  0  2 
 0  0  1  0  0 14  0 17 25  8 23 16 19 10 18  0 24 11 20  9  0  4 21  6 22 
 7  0  6 11  0  2 18  1  5  3 12 24  0  8 22 14 21 23 10 13 20 25 19 15  9 
 0 25 23 21  8  7  4  6 11  9  0 20  1  5  3 17 15 22 18 19 14  0 24 10 16 
14 20 19 24  9 22 23 10  0 21  7  4  6 15 13  2 25  1  5  3 12  8 11 17 18 
17 10 22 18 13  0 24 15 20 19  0 25 11 21  9  7  4  6  8 16  2  0  1  5  3 
19  6  4  0  2 25 21  0 12 24 20 18  9 23  8 15 14 16  0 22 10  5  7  3 13 
 5 13  9  3  7  0  0  2  0  4 22 19 24 25 11 10  0 20 23 21 15  6 12 16 14 
15 18  0  0 17  5  6  0  3 16  0 14  2  1  4 19 13  0 12 24 22  0 25  8  0 
22 14 12 16 11 18 10 19 15 13  5  6  0  3 21 25  8  2  1  4 17 20  9 23 24 
10 21 24  8 25 20  9 14 23 22  0 13 12 16 17  5  0  7  3 11  0 18  2  0  0 
18  3  2  5  1  0 20  4  8 25 17 10 22 13 24 23 11 12 16 14  9 19  6  7 21 
25  4  7 13  6  9  3 16  0  0 19  0 14 20 12 21 22 10 15  0 24 11  5 18 17 
20 11 15 12 19 23 14  5  6  7 21  3  4  2  1 24  9 17  0 18 13 16 10 22  8 
 8  9 16 17 22  0 19 24 10 18 25 11  5  6  7 13  3  4  0  0 23 14  0 20  0 
21 24 14  0  0 13 11 12 22 17  9  8 15 18 16 20 19  5  0  7 25  3  4  2  1 

