29 27 24 26 28 25  0 31 32 33 34 35 36  1  2  3  4  5  6  0  0  9 10  0 12 13 14 15 16 17 18  0 20 21 22 23 
 5  3 36  2  0  1  6  7  8  9 10 11 12 13 14 15 16 17 18 19 20 21 22 23 24 25 26 27 28 29 30  0 32 33 34 35 
17 15  0 14 16 13  0 19  0 21  0 23 24  0 26 27 28 29 30 31  0 33 34 35 36  1  2  3  4  5  6  0  8  9  0 11 
11  9  6  8 10  7 12 13 14 15 16 17 18 19 20 21  0  0 24  0 26 27 28 29 30 31 32 33  0 35 36  1  2  3  4  5 
23 21 18 20 22 19 24 25 26 27  0 29 30 31 32  0  0 35 36  0  2  3  4  5  6  7  8  9 10 11 12 13 14 15 16 17 
35 33 30 32 34 31  0  1  2  3  4  5  6  7  8  9 10 11 12 13 14 15 16 17 18 19 20 21 22 23 24 25 26 27 28 29 
36  4  1  3  5  2  7  8  9 10 11  6 13 14 15 16 17 12 19 20 21 22 23 18 25 26 27 28 29 24 31 32 33 34 35  0 
 6 10  7  9 11  8 13 14 15 16 17  0  0 20 21 22 23 18 25 26 27 28 29 24 31 32 33 34 35 30  1  2  3  4  5 36 
12  0 13 15 17 14 19 20 21 22 23 18 25 26 27 28 29 24 31 32 33 34 35 30  1  2  0  4  5 36  7  8  9 10 11  6 
18 22 19 21 23 20 25 26 27 28 29 24 31 32 33 34 35 30  1  2  3  4  5 36  7  8  9 10 11  6  0 14 15 16 17 12 
24 28 25  0 29 26 31 32 33 34 35 30  1  2  3  4  5 36  7  8  9 10 11  6 13 14  0 16 17  0 19 20 21 22 23 18 
30 34 31 33 35 32  1  2  3  4  5 36  7  8  9 10 11  6 13 14 15 16 17 12 19 20 21 22 23 18 25 26 27 28 29 24 
 0  5  2  4 36  0  8  9 10  0  6  7 14 15 16 17 12 13 20 21 22 23 18 19 26 27 28  0 24 25 32 33 34 35 30 31 
 7 11  8 10  6  9 14 15 16  0 12 13 20 21 22 23 18 19 26 27 28 29 24 25 32 33 34 35 30 31  2  3  4  5 36  1 
13 17 14 16 12 15 20 21 22 23 18  0 26 27 28 29 24 25 32  0 34 35 30 31  2  3  4  5 36  1  8  0 10 11  6  7 
19 23 20 22  0 21 26 27 28 29 24 25  0 33 34 35  0 31  2  3  4  5 36  1  8  9 10 11  6  7  0  0  0  0 12 13 
25 29 26 28  0  0 32 33 34 35 30 31  2  3  4  5 36  1  0  9 10  0  6  7 14 15 16 17 12 13 20 21 22 23 18 19 
31 35 32 34 30 33  2  3  4  5 36  1  8  9 10 11  6  7 14 15 16 17 12 13 20 21 22 23  0 19 26 27 28 29 24 25 
 2 36  3  5  1  4  9 10 11  6  7  8 15 16 17  0 13 14 21 22 23 18 19  0 27 28 29 24 25  0 33 34 35 30 31  0 
 8  6  9 11  7 10 15 16 17  0 13 14 21 22 23 18 19 20 27 28  0 24 25 26 33 34 35 30 31 32  3  4  5 36  1  0 
14 12 15  0 13 16 21 22 23 18 19 20 27 28 29 24 25 26 33 34 35 30 31 32  3  4  5 36  1  2  9 10 11  6  7  8 
20 18 21 23 19 22 27 28 29 24  0 26 33 34 35 30 31 32  3  4  5 36  1  2  9 10 11  6  7  8 15 16 17  0 13 14 
26 24 27 29 25 28  0 34 35 30 31 32  3  4  5 36  1  2  9 10 11  6  7  8 15 16 17 12 13 14 21 22 23 18 19 20 
32 30 33  0 31 34  3  4  5 36  1  2  9 10 11  6  7  8 15 16 17 12 13 14 21 22  0 18 19 20 27 28 29 24 25 26 
 3  1  4 36  2  5 10 11  0  7  8  9 16 17 12 13 14 15  0 23 18 19 20 21 28  0 24 25 26 27 34 35 30  0 32 33 
 9  7 10  6  0 11 16 17 12 13  0 15 22 23 18 19 20 21 28 29 24 25 26 27 34 35 30 31 32 33  4  5 36  1  2  3 
15 13 16  0 14 17 22 23 18  0 20  0 28  0 24 25 26 27 34  0 30 31 32 33  4  5 36  1  2  3 10 11  6  7  8  9 
21 19 22 18 20 23 28  0 24 25 26 27 34 35 30 31 32 33  4  5 36  1  2  3 10 11  6  7  8  9 16 17 12 13 14 15 
27 25 28 24 26 29 34 35 30 31 32 33  4  0 36  1  0  3 10 11  6  7  8  9 16 17 12 13 14 15 22 23 18 19 20 21 
33 31 34  0 32 35  0  5 36  1  2  3 10 11  6  7  8  9 16 17 12 13 14 15  0 23 18 19 20 21  0 29 24 25 26 27 
 4  2  5  1  3 36 11  6  7  8  0 10 17 12 13 14 15 16 23 18 19 20  0 22 29 24 25  0  0 28 35 30 31  0 33 34 
 0  8 11  0  9  6 17  0 13 14 15 16 23 18 19 20 21 22 29 24 25 26 27 28 35 30 31 32 33 34  0 36  1  2  3  4 
16 14 17 13 15 12 23  0 19 20 21 22 29 24 25 26 27 28 35 30 31 32 33 34  5 36  1  2  3  4 11  6  7  8  0 10 
22 20 23 19 21 18 29  0 25 26 27 28 35 30 31 32 33 34  5 36  1  2  3  4 11  6  7  0  9 10 17 12 13 14 15 16 
28 26 29 25 27 24 35 30 31 32 33 34  5 36  0  2  3  4 11  6  7  8  9 10 17 12 13 14 15 16 23 18 19 20 21 22 
34 32 35 31 33 30  5 36  1  2  3  4 11  6  7  8  9 10 17  0  0 14 15 16 23 18 19 20 21 22 29 24 25 26 27 28 

