29  0  0 28 27 25 32 31 30  0  0  0  0  1  0  3  0  5  6  0  0  9 10 11 12 13 14  0 16  0 18 19 20 21 22 23 
35 30 32 34 33 31  2  0  0  3  4  0  6  0  8  9  0 11  0  0  0  0 16 17 18 19 20  0 22 23 24 25  0 27 28 29 
 5 36  2  4  3  0  8  0  0  0  0 11 12 13 14  0  0 17 18 19 20  0 22 23 24 25 26 27  0 29  0 31 32 33 34 35 
23 18 20 22 21 19 26  0 24 27 28  0 30 31 32 33  0 35  0  1  2  3  0  5  6  0  8  9 10 11 12  0 14 15 16 17 
 0  6  0  0  9  7 14  0 12  0 16 17  0  0 20 21  0 23 24  0 26 27 28  0 30 31 32  0 34 35 36  0  2  3  4  5 
 0 12  0 16  0 13 20 19  0 21 22 23 24  0  0 27 28 29 30 31  0 33  0 35 36  1  0  3  0  5  6  7  8  0  0  0 
 0  0 21 23 22  0  0 26 25  0 29 24 31 32  0  0 35 30  1  0  3  4  0 36  7  8  9  0 11  6 13 14 15 16 17 12 
36  1  3  5  0  2  0  8  7 10  0  6  0 14  0 16  0  0 19 20 21  0 23 18  0 26 27  0 29  0  0 32  0 34 35 30 
 0  0  0 17 16 14  0  0  0 22  0  0 25 26 27 28 29 24 31  0  0 34 35 30  1  2  0  4  5 36  0  0  9 10  0  6 
 6  7  0 11 10  8  0 14  0 16  0 12 19 20 21 22 23 18 25 26 27 28 29 24 31 32 33 34 35 30  1  2  0  4  5 36 
24 25 27 29 28 26 33 32 31 34 35 30  0  2  3  4  5 36  7  0  9  0 11  6 13 14  0 16 17  0 19 20 21  0 23  0 
30 31 33  0  0  0  3  2  1  0  0  0  0  8  9 10 11  6 13 14 15  0 17 12  0 20  0  0 23  0 25 26  0  0  0  0 
 1  2  4 36  5  3 10  9  8 11  6  7 14 15 16 17 12  0  0  0 22 23 18 19  0 27 28 29  0  0 32 33 34 35 30 31 
 7  0 10  6  0  0 16 15 14  0 12 13 20  0 22 23  0 19 26 27 28  0 24 25 32 33  0  0  0 31  0  3  0  5 36  1 
13 14 16 12  0 15 22 21 20  0 18 19  0 27  0 29  0  0 32 33  0 35 30  0  2  3  4  0  0  1  0  0 10 11  6  7 
19 20  0 18 23 21  0 27  0 29 24 25  0  0  0 35 30 31  0  3  0  5  0  1  8  9 10 11  0  7 14  0 16 17  0 13 
25  0 28 24  0  0 34  0 32 35  0 31  2  3  0  0 36  1  8  9  0  0  6  7  0 15 16  0  0 13 20 21  0 23  0 19 
31 32 34  0 35 33  4  0  0  0 36  0  8  0 10  0  6  0  0 15  0  0 12 13 20 21  0  0 18 19  0  0 28 29  0 25 
 2  3  0  1  0  0 11  0  9  6  0  0 15  0 17 12 13 14  0  0 23 18 19 20 27 28 29 24  0  0 33 34 35  0  0 32 
 8  9 11  0  6 10 17 16  0  0  0 14 21 22  0 18 19  0 27  0 29 24 25  0  0 34 35 30  0 32  0  4  5 36  0  2 
14 15 17 13  0  0  0  0 21  0  0 20  0 28 29  0  0 26  0 34  0  0  0 32  3  0  0  0  1  2  9  0 11  6  7  0 
20 21 23 19 18 22 29 28 27  0 25 26 33 34 35 30  0 32  3  0  5  0  0  2  9 10  0  6  7  8 15 16 17  0 13  0 
26 27 29 25  0 28  0 34  0 30 31 32  0  0  0 36  1  2  9 10 11  6  0  8 15  0 17 12 13 14 21 22 23 18 19 20 
32 33 35 31  0 34  5  0  0 36  1  2  9  0 11  6  7  0 15 16  0 12 13 14 21 22 23  0 19  0  0  0 29  0  0 26 
 3  4 36  2  0  5  6 11 10  7  8  0 16 17 12  0 14 15  0 23 18  0 20  0 28 29 24  0  0 27 34 35 30  0  0 33 
 9 10  6  8  7 11 12  0 16 13 14  0  0 23  0 19 20 21  0 29  0  0 26  0 34  0 30 31 32  0  4  5  0  0  2  0 
15  0 12 14 13  0 18  0 22 19 20 21 28 29 24 25 26  0 34  0  0 31  0 33  4  5 36  1  0  3  0 11  6  7  8  9 
 0  0  0 20 19 23 24  0 28  0 26 27 34 35 30 31 32 33  0  5 36  0  0  3 10  0  6  7  8  9 16  0 12 13  0  0 
27 28  0 26 25  0  0  0 34 31 32 33  4  5 36  1  2  3  0 11  6  0  8  9 16 17 12 13 14  0  0 23  0  0  0 21 
33 34 30 32 31 35  0  5  4  1  0  3 10 11  6  7  8  0  0 17 12  0 14 15 22  0 18 19  0  0 28 29 24  0 26 27 
 0  5  0  3  2  0  0  0 11  8  9  0 17 12 13 14 15  0 23 18 19 20 21 22  0 24 25  0 27 28 35 30  0 32 33 34 
10 11  7  9  8  6 13 12 17 14 15 16 23 18 19  0  0  0 29 24 25 26  0 28  0  0 31  0  0 34  0 36  0  2  3  4 
16 17 13 15  0  0 19 18  0 20 21 22  0 24 25 26 27 28 35 30 31 32 33  0  5 36  1  0  3  4 11  6  7  8  9  0 
 0 23 19  0 20 18  0  0  0 26 27 28  0 30 31 32 33 34  5 36  0  2  0  4  0  6  7  8  0 10 17 12  0  0 15 16 
28  0 25 27 26  0 31 30  0 32  0 34  5 36  1  2  3  4  0  0  7  8  0 10  0 12 13 14 15 16 23 18 19  0 21 22 
 0 35  0  0 32  0  1 36  5  2  0  4  0  6  0  8  0  0 17 12 13  0 15  0 23 18  0 20 21 22  0 24 25 26  0  0 

