29  0  0 26 24  0  0 31 32 33 34 35 36  1  0  3  4  0  0  7  8  9 10  0  0  0 14 15  0 17 18  0 20  0 22  0 
 0  3  4  2  0  1  6  0  8  9 10 11 12 13 14  0 16 17  0 19  0 21 22 23 24  0 26 27 28 29 30  0  0  0  0 35 
35 33 34 32 30  0 36  1  2  3  4  5  6  7  8  9  0 11  0 13 14  0 16  0 18  0 20  0  0 23 24 25  0 27 28 29 
17 15  0 14 12  0 18 19 20 21  0 23  0  0 26  0 28 29 30 31 32 33 34  0  0  1  0  3  4  5  0  7  8  0 10 11 
 0 21 22 20 18  0  0 25  0  0 28 29  0 31 32  0 34 35 36  0  2  3  0  5  6  7  8  9 10 11 12 13 14 15 16  0 
11  9  0  8  6  0 12 13 14  0  0 17 18  0 20 21 22 23 24 25 26 27 28 29  0 31 32 33  0  0  0  1  0  0  4  5 
36  4  5  3  0  2  7  0  9  0 11  6 13  0  0  0 17 12  0  0  0 22 23 18 25 26  0  0  0 24  0  0 33  0  0  0 
 6  0  0  9  7  0 13  0 15 16 17 12 19 20 21 22  0  0 25 26  0 28  0 24 31  0 33 34 35 30  0  0  0  4  5  0 
12 16  0 15 13 14 19  0  0 22  0  0 25  0 27 28 29 24 31 32 33 34 35 30  1  2  3  4  5 36  7  8  9  0  0  6 
18 22  0 21  0 20  0 26 27  0 29 24 31  0 33  0 35 30  1  2  3  4  5 36  7  8  0 10  0  0  0 14  0 16 17 12 
24 28 29  0 25 26  0 32 33 34 35 30  0  2  3  0  0 36  7  8  9  0  0  6 13  0 15 16 17 12 19  0  0 22 23 18 
 0  0 35  0  0  0  1  2  3  0  0 36  7  8  9 10 11  6 13 14  0 16 17 12  0  0  0 22 23  0 25 26 27  0 29 24 
 1  5 36  4  0  3  8  9  0  0  6  0  0 15 16 17 12 13 20 21 22  0 18  0 26  0  0 29  0  0 32  0 34 35 30 31 
 7  0  0  0  0  0 14 15  0 17 12  0 20 21 22  0  0 19  0 27 28 29 24 25  0  0 34  0 30  0  2  3  4  0 36  1 
13 17 12  0 14  0  0 21  0 23 18 19  0 27 28 29 24 25  0 33  0 35 30 31  2  3  4  0  0  1  8  9 10  0  6  7 
 0  0 18  0  0 21 26  0 28 29 24 25  0  0  0  0  0 31  2  0  4  0 36  1  8  0  0  0  6  7 14  0 16  0 12 13 
 0 29  0  0 26 27 32 33 34 35 30  0  2  3  4  0 36  1  8  9 10  0  6  0  0 15 16 17 12 13 20  0 22 23 18  0 
 0 35 30 34  0 33  2  3  4  5 36  1  8  9  0 11  6  7  0  0 16 17 12 13 20  0 22 23 18 19  0 27 28 29 24 25 
 0 36  0  5  3  0  9 10  0  0  7  8 15 16 17  0  0  0  0  0 23 18 19 20 27 28 29 24  0 26 33 34 35 30 31 32 
 0  6  0 11  0  0 15 16 17 12  0 14 21 22  0  0 19  0  0 28  0 24 25  0 33  0  0 30 31 32  0  0  5  0  1  2 
14 12  0  0  0 16 21 22 23  0  0 20  0 28 29  0 25 26 33  0 35 30 31 32  0  4  0  0  1  2  9 10 11  0  0  0 
20 18  0  0 21 22 27 28 29 24 25 26 33 34 35 30 31 32  3  0  5  0  1  2  0 10  0  6  7  8 15 16 17  0 13 14 
26 24  0 29 27 28  0 34 35  0 31 32  3  4  5  0  1  2  9 10  0  0  7  8 15 16 17 12  0 14 21 22 23  0  0 20 
 0 30 31 35  0  0  3  4  0 36  0  2  0 10  0  6  7  8  0 16  0 12 13  0 21 22 23  0 19 20 27 28 29 24 25 26 
 3  1  2 36  4  5 10 11  6  7  8  0 16 17  0  0 14 15  0 23 18 19  0 21 28  0 24 25 26  0 34  0  0 31 32 33 
 0  7  8  0 10 11 16  0  0 13  0 15 22 23 18 19 20 21 28 29 24 25  0  0 34 35 30 31 32 33  0  5 36  1  2  3 
15 13 14  0  0  0 22  0 18 19 20 21 28 29 24  0  0  0  0 35 30 31  0 33  0  0 36  1  0  3 10 11  6  7  8  0 
 0 19  0 18  0 23 28  0 24 25 26 27 34 35 30  0 32 33  4  5 36  1  2  3  0 11  0  0  0  9 16 17 12 13 14 15 
27  0 26 24 28 29  0 35 30  0 32 33  4  0 36  1  2  0  0 11  6  0  8  9 16 17  0  0 14  0  0  0  0 19 20 21 
33  0 32 30 34 35  4  0 36  1  2  3 10 11  6  0  0  9  0  0 12 13 14 15 22  0 18 19 20 21 28 29 24  0 26 27 
 4  2  3  1  5 36 11  6  7  0  9  0 17  0  0 14  0  0 23  0 19 20 21 22  0 24  0 26 27  0 35 30  0 32 33 34 
10  0  9  0  0  6 17 12  0 14 15 16 23 18 19 20  0 22  0  0 25 26  0 28 35 30 31  0  0 34  5  0  1  2  3  4 
16 14 15 13  0 12  0 18 19  0 21 22 29 24  0 26 27  0 35 30 31  0 33 34  5 36  1  0  3  0 11  6  0  8  9 10 
22 20 21 19  0 18 29  0 25  0  0 28 35  0 31  0  0 34  5 36  1  0  3  0 11  6  7  8  9  0 17 12  0 14 15 16 
 0  0 27  0 29 24 35 30  0 32 33  0  5 36  1  0  3  4 11  6  7  8  9  0  0 12  0 14 15 16 23 18 19 20  0 22 
34 32 33  0  0 30  5  0  0  2  3  0  0  0  7  0  9 10 17 12 13 14 15 16 23 18 19 20 21  0 29 24 25  0  0 28 

