 0 27 24  0 28 25  0 31 32  0  0  0  0  1  2  0  4  5  0  0  0  9 10  0 12 13 14 15  0 17 18  0  0 21  0 23 
 5  3 36  0  0  1  0  7  8  9 10  0 12  0 14 15 16 17 18 19 20  0  0 23 24 25  0 27 28 29 30  0 32 33 34  0 
 0 15  0 14  0  0  0  0  0 21  0 23 24  0 26 27 28 29 30 31  0 33 34  0  0  0  2  3  4  0  6  0  8  9  0 11 
 0  9  6  8  0  7  0 13 14 15 16 17 18  0  0 21  0  0  0  0  0 27 28 29 30 31  0 33  0 35 36  0  2  3  0  5 
23 21  0 20 22  0 24 25  0 27  0 29  0 31  0  0  0  0 36  0  2  3  4  5  6  7  0  9 10  0  0 13 14  0 16 17 
 0 33 30  0 34 31  0  0  2  0  4  0  6  7  8  9  0 11 12  0  0 15 16 17 18 19  0 21 22  0  0 25 26 27  0  0 
36  0  1  3  5  2  0  8  9 10 11  6  0 14 15 16 17 12 19  0 21 22 23  0 25  0 27 28  0 24 31 32 33  0 35  0 
 6 10  7  9  0  8 13 14  0 16 17  0  0 20 21  0 23 18 25 26 27 28 29 24  0 32  0 34 35  0  1  2  3  0  5  0 
12  0 13 15 17  0 19 20  0 22  0 18 25 26 27 28  0 24 31  0  0 34 35  0  1  0  0  4  0 36  0  0  9 10 11  6 
18 22  0 21  0 20  0 26 27 28 29  0 31  0 33  0  0 30  0  2  3  4  0  0  7  8  9 10  0  0  0 14 15 16 17 12 
24 28  0  0 29 26  0  0 33 34 35  0  1  2  0  0  5 36  0  0  9 10 11  6 13 14  0 16 17  0  0 20 21 22 23 18 
30 34 31 33  0 32  1  2  3  4  5 36  7  8  9 10 11  6 13 14 15  0  0 12  0  0  0  0 23 18  0 26  0 28 29  0 
 0  5  2  4 36  0  0  9  0  0  6  7 14  0  0 17 12 13 20 21 22 23 18 19 26 27 28  0 24 25 32 33 34 35 30 31 
 0  0  8 10  6  9  0 15 16  0 12 13 20  0  0 23 18 19 26  0  0 29 24 25 32 33 34 35 30 31  2  3  4  5 36  1 
13 17 14 16 12 15 20 21 22 23 18  0 26 27 28 29 24  0 32  0  0 35 30 31  2  3  4  5  0  1  8  0  0  0  6  7 
 0  0 20  0  0  0 26 27 28 29 24 25  0 33 34  0  0 31  0  0  4  0  0  0  8  9 10  0  0  7  0  0  0  0  0  0 
25 29  0 28  0  0 32  0 34  0 30 31  0  3  4  0 36  0  0  9 10  0  6  0 14 15 16 17  0 13 20 21  0 23 18 19 
 0 35 32 34 30  0  2  3  4  5 36  1  8  9 10  0  6  7 14 15 16 17  0 13 20 21 22 23  0 19 26 27 28  0 24 25 
 0 36  3  5  0  0  9 10 11  6  7  0 15 16  0  0 13 14 21 22  0 18 19  0  0 28 29  0 25  0 33 34  0  0 31  0 
 0  6  0 11  0 10 15  0 17  0  0 14 21 22 23  0 19  0 27 28  0 24  0 26 33 34  0 30  0 32  3  4  0 36  1  0 
14  0 15  0 13  0  0 22  0 18 19 20 27 28 29  0 25 26 33 34 35 30  0  0  0  4  5 36  1  2  9 10 11  6  7  8 
 0  0 21 23 19 22 27 28 29 24  0 26 33 34  0 30 31 32  0  4  5  0  1  2  9 10 11  6  0  8 15  0  0  0 13 14 
26 24 27  0 25 28  0 34 35  0 31 32  3  4  5 36  1  2  9  0 11  6  7  8 15  0  0 12 13 14 21 22 23 18 19  0 
 0 30  0  0 31 34  3  0  5 36  1  2  9 10 11  6  7  8  0 16 17 12 13 14  0 22  0  0 19 20 27  0 29  0 25 26 
 3  1  4  0  2  0 10 11  0  7  8  9 16 17 12  0 14 15  0 23  0 19  0 21 28  0 24  0 26 27 34 35 30  0  0  0 
 9  7 10  6  0  0 16  0 12 13  0  0  0 23  0  0 20 21  0 29 24 25 26 27 34 35 30  0 32  0  4  0 36  1  2  0 
15 13  0  0 14 17  0 23 18  0 20  0 28  0 24  0  0 27  0  0  0  0 32 33  4  5 36  1  0  3 10 11  0  7  8  9 
21 19 22  0 20 23 28  0 24  0 26  0  0 35 30 31 32 33  4  0 36  1  2  0 10 11  6  0  8  9 16 17 12 13 14 15 
 0  0 28 24 26 29  0  0 30 31 32 33  4  0 36  0  0  3 10 11  6  7  8  9 16 17 12 13 14 15 22 23 18 19  0 21 
33 31 34  0 32 35  0  0 36  1  2  3  0  0  6  7  0  9 16  0 12 13  0 15  0 23 18 19 20 21  0 29 24 25 26 27 
 4  2  5  1  0 36 11  0  7  8  0 10 17  0 13 14 15 16 23 18 19 20  0 22 29 24 25  0  0 28 35 30 31  0 33  0 
 0  8 11  0  9  6 17  0  0 14  0  0 23 18 19 20 21 22 29 24 25 26 27 28 35 30 31 32 33  0  0 36  0  0  3  0 
16  0  0 13 15 12 23  0 19 20 21 22 29  0 25  0 27 28 35  0 31 32 33 34  5 36  1  2  3  4 11  0  7  8  0 10 
22 20 23 19 21  0  0  0 25 26 27 28  0  0 31  0  0 34  0  0  1  2  3  0  0  0  7  0  9 10  0 12 13 14  0 16 
28  0 29 25 27 24 35 30 31 32  0 34  5  0  0  0  3  4 11  6  7  8  9 10 17 12  0 14 15 16 23 18 19 20  0 22 
34 32 35  0 33 30  5 36  0  2  3  0 11  6  7  8  9 10 17  0  0 14 15 16 23  0 19 20 21 22 29 24 25 26 27 28 

