29  0  0 26 28 27 30 31 32 33 34 35 36  1  0  3  4  0  0  7  8  9 10  0  0  0 14 15  0 17 18 19 20  0 22  0 
11  7  6  8  0  9 12  0 14 15 16 17 18 19 20 21 22 23  0 25 26 27 28 29 30 31 32 33 34 35 36  1  2  0  0  5 
17 13 12 14 16  0 18 19 20 21 22 23 24 25 26 27  0 29  0 31 32 33 34  0 36  0  2  0  0  5  6  7  0  9 10 11 
23 19  0 20 22  0 24 25 26 27 28 29  0  0 32  0 34 35 36  1  2  3  4  0  0  7  0  9 10 11  0 13 14  0 16 17 
 0  1 36  2  4  0  0  7  8  0 10 11  0 13 14  0 16 17 18  0 20 21  0 23 24 25 26 27 28 29 30 31 32 33 34  0 
35 31  0 32 34  0 36  1  2  3  4  5  6  7  8  9 10 11 12 13 14 15 16 17  0 19 20 21 22  0  0 25  0  0 28 29 
36  2  1  3  0  4  7  8  9  0 11  6 13  0  0  0 17 12  0  0  0 22 23 18 25 26  0  0  0 24 31 32 33 34  0  0 
 6  8  0  9 11  0 13  0 15 16 17 12 19 20 21 22  0  0 25 26  0 28  0 24 31  0 33 34 35 30  0  0  0  4  5  0 
12 14  0 15 17 16 19  0  0 22  0  0 25  0 27 28 29 24 31 32 33 34 35 30  1  2  3  4  5 36  7  8  9 10  0  6 
18 20  0 21  0 22  0 26 27 28 29 24 31  0 33 34 35 30  1  2  3  4  5 36  7  8  0 10 11  0  0 14  0 16 17 12 
24 26 25  0 29 28  0 32 33 34 35 30  0  2  3  4  0 36  7  8  9  0  0  6 13  0 15 16 17 12 19  0  0 22 23 18 
 0 32 31  0  0  0  1  2  3  0  0 36  7  8  9 10 11  6 13 14 15 16 17 12  0  0  0 22 23 18 25 26 27 28 29 24 
 1  3  2  4  0  5  8  9  0  0  6  0 14 15 16 17 12 13 20 21 22 23 18  0 26 27  0 29  0  0 32 33 34 35 30 31 
 7  0  0 10  6  0 14 15  0 17 12 13 20 21 22  0  0 19  0 27 28 29 24 25 32  0 34 35 30  0  2  3  4  0 36  1 
13 15 14  0 12  0  0 21  0 23 18 19  0 27 28 29 24 25 32 33  0 35 30 31  2  3  4  5  0  1  8  9 10 11  6  7 
19  0 20  0 18 23 26  0 28 29 24 25  0 33 34  0  0 31  2  0  4  5 36  1  8  0  0 11  6  7 14 15 16 17 12 13 
 0 27  0  0 24 29 32 33 34 35 30  0  2  3  4  5 36  1  8  9 10  0  6  0  0 15 16 17 12 13 20  0 22 23 18  0 
31 33 32 34 30 35  2  3  4  5 36  1  8  9  0 11  6  7  0 15 16 17 12 13 20 21 22 23 18 19  0 27 28 29 24 25 
 0  4  3  5  1  0  9 10 11  0  7  8 15 16 17  0 13  0  0  0 23 18 19 20 27 28 29 24  0 26 33 34 35 30 31 32 
 0 10  0 11  0  0 15 16 17 12 13 14 21 22  0  0 19  0  0 28  0 24 25 26 33  0  0 30 31 32  0  0  5  0  1  2 
14 16  0  0  0 12 21 22 23  0  0 20  0 28 29  0 25 26 33 34 35 30 31 32  0  4  0  0  1  2  9 10 11  0  0  0 
20 22  0 23 19 18 27 28 29 24 25 26 33 34 35 30 31 32  3  0  5  0  1  2  0 10  0  6  7  8 15 16 17 12 13 14 
26 28  0 29 25 24  0 34 35  0 31 32  3  4  5  0  1  2  9 10 11  0  7  8 15 16 17 12  0 14 21 22 23 18  0 20 
32 34 33 35 31  0  3  4  0 36  0  2  0 10  0  6  7  8  0 16  0 12 13  0 21 22 23  0 19 20 27 28 29 24 25 26 
 3  5  4 36  2  1 10 11  6  7  8  0 16 17 12  0 14 15  0 23 18 19  0 21 28 29 24 25 26 27 34 35 30 31 32 33 
 0 11 10  0  8  7 16  0  0 13  0 15 22 23 18 19 20 21 28 29 24 25  0  0 34 35 30 31 32 33  0  5 36  1  2  3 
15 17 16  0 14  0 22  0 18 19 20 21 28 29 24  0  0  0  0 35 30 31  0 33  4  0 36  1  2  3 10 11  0  7  8  0 
 0 23 22 18  0 19 28  0 24 25 26 27 34 35 30  0 32 33  4  5 36  1  2  3  0 11  0  0  0  9 16 17 12 13 14 15 
27  0 28 24 26 25  0 35 30 31 32 33  4  0 36  1  2  0  0 11  6  0  8  9 16 17  0 13 14  0  0  0 18 19 20 21 
 0  0 34 30 32 31  4  0 36  1  2  3 10 11  6  0  8  9  0  0 12 13 14 15 22 23 18 19 20 21 28 29 24 25 26 27 
 4 36  5  1  3  2 11  6  7  8  9 10 17  0  0 14 15 16 23  0 19 20 21 22  0 24 25 26 27  0 35 30 31 32 33 34 
10  0 11  0  9  8 17 12 13 14 15 16 23 18 19 20  0 22  0  0 25 26 27 28 35 30 31 32  0 34  5  0  1  2  3  4 
16 12 17 13  0 14  0 18 19  0 21 22 29 24  0 26 27  0 35 30 31 32 33 34  5 36  1  0  3  0 11  6  0  8  9 10 
22 18 23 19  0 20 29  0 25 26  0 28 35  0 31 32  0 34  5 36  1  0  3  0 11  6  7  8  9  0 17 12  0 14 15 16 
 0  0 29  0 27 26 35 30  0 32 33 34  5 36  1  2  3  4 11  6  7  8  9  0  0 12  0 14 15 16 23 18 19 20  0 22 
34 30 35 31 33 32  5  0  0  2  3  4  0  6  7  0  9 10 17 12 13 14 15 16 23 18 19 20 21 22 29 24 25  0  0 28 

