40 37  7  0 10 35 26 20  0  0 33  0  0  0  3 18 32  6 58 47 38 14 45 31 29  0  0  1 27 54 63  0 50 36 39 52 61 24 19 12 48 28  0 44 25 60  0 13 16 49 55 53 11 15  2 17 42 64  5 23 22 43  9  0 
 0  0  0 21 61  0  0  0 31 29 32  0 16  4 46 11 25 19 30 43 55  2 49  8 39 57 20 36 12 17 62 60 40 48 26  0  0 41 45 51 34 58 52 33 27 14 37 50 64  9  0  3 63  0  0  5 53 28  6  7 10  1 44 35 
36 52 55  1  5 16 51  0 58 39 12 13  7 28 38  0 15  0 27 57  0 17 46  0  0  0 48 56 11  3 24  0 18 21 25  0 63 44 43 47  0  9 41  0 29 61 22 64  0  0 23  0  0 42 30  0  0  2  4 49  0 45 33  0 
39 62 49 54 30  0 19  0  0 10 45 24  0 42  1  0 36 35  7  9 50 34 64 33 53 40 51 23  2  0 38 26  3 57 31 59  0 16  0  0  0  4 11 12 43  0 46  5  0 60 48 41 13 61 14 28 63 27 32  8 52 29 18  0 
60 64 12 32 53 42  0 28  0 52  9  0 37 35  0 40 18  1 13 22 10 51  5 56 50  0 45 43 16 58 46 41 27 38  0  8  4  6 29 33 20 57 26  0 55  2 49 63 39  0 19 34 54  7 36 21 30 25 15  3 24  0  0 59 
 2 45  0  0 17 31 33 63  0 55  0 15 49 50 60 26 59 42  4 39 61  0 21  0 25  0 13  0  0  5  6  8 64 32 11  7 14 58  1 53  3  0 18  0 51  0 24  0 12 20 57 27  0 44 43  0 54 41 48 34 47 38  0 62 
 8  0  0 43 29  0 50  0 47 25 27  0  5 63 53 64 44 52 60 40 24  3 26 23  0 33  0  9 35 32 49 15  0 46  0 56 28  2 55 10  6 21 39 31 42 59  0  7 58 38  0 51 37  1 62 45 13 19 61 20 36 57 12 17 
 0 14 27  0  0  3 23 58  8 43  2  0 17  6 57 59 11 48 53 41  0 63 29 54 28 64 44  0 42 61 19  7 22 15 60 13 49 34  5  9  0 45 30  0 36 32 10 38 56 18 46 35 40 33 26 47 51  0 50 16 31 39 37 55 
 0 24 30 19  4 62  0 12  0  0  0 29 54 37 22 31 43 58 32 50 23 45 57  2 10  9  3 49  6 51  0 25 55  0 61  0 46 36 28 16  8 38  5  0  0  0 48 59 17 40  1 39 53 64  0 41  0  0 13 18 60 47 26 56 
44 59 39 56  2 13 61 27 18 38 19  5 50 26  0  1 64 16 34 60 47 35  4 62 40 42 32  8 20 14 36 31 25 51 33 57 54 15  9 63 45  0 24 58  0  0 23  0  7 55 21 49 22 29 48 11 37  0  0  6  0  3 46 10 
41 33  0 55 42 26  5 10  0  6 53 16 14  8 61 17 12 27  0  0  0 19 31  0 13  0  0 59  0 15 34 45  0 64 37 47 35 38 60  1 29 32 21 20 63 39 50 54 62  3 51 23 57  0  0 36 48 11  0  0 43 24 22  2 
47 32 18  0  0 52  0 51  3 56  0  0  2 15  9 23  1  0 36 28 26 61  0  0 12 62 60 63 17 53  0 35  4 14  7 24 11 10 13  0 46 64 40 37 49 33 43 22  0  0 45  0  0 54  8 34  0 29 58 27 21 41 31  0 
53 22 29 20 15 46 48 35 24 27 28 62 40  0 52 58  5 51  9 17 63 11 33  0 37  0 21  0 47 38 61  0 41  0  0 18 43 56 39  0  0  7  0 26  2  6  3  0  0  4 30 32 60 13  0 31  0 50  8  1 54  0  0 36 
11  9 23 49 50 37  0 36 10 32 34 42 60  0 20 47  0 24  0 55 15 29 59  0 41 19  0 54  1 48 57 52  8  3 53 27 58  0 30  0 31 62 51 61 56 13  0 25 35 46 63 16  6 38 28  2 39 40  0 12 64  5 17 44 
21 57  0  0  0  8 63  0 13 41 25 48 11 36 59 49  0 38  3 54 37 53 10 39  5 50 46 58 23 24 30 43  0  6 44 12 26 29 17  2  9  0  0 28 35 16  1 27 33 47  0 18 14 56  0 19 55 51  7  4 20 62 42 32 
54  7 60  0  1 17 58  3  0 64 46  0  4 57 30 51 56 13  0 48 41 20  8 21  2 22 28 33 29 11 39  0  0 50  5 32  0 42 31 40  0 10 19 34 53  0 18  0 43 15 26 24  0 25 44 37  0 16  9 61  0 35 63 14 
15 26 44  0  0 27 62 34  6 14  0  0 46  0  5 36  3  4 35 51 57 33 12  0  8 37 63 61 45 39 42  1 48  0 29 43 50  0 58 25  0  0  0 55  0 49 59 11 28 32 10 40 19 47 31 22 21 18 16 24 38 17 20 54 
 3 40  0 28 49  1 21 38 57 23 18 19 13 60 39  0  0 43 20  0 29 24  2  6 15 52 35 32 34 33 47 16 56 62 64  0 37 51 53 54 63 50 14 27 48 12  5 45 44 17 58  9 25 36 46  0 10 42 11 41 26  0 61  4 
20 31 63 29 55  0  4 43  1 22 58 50 27 41 17 48 60  0 61 52 36 56 47  0  9 12  0 25 10 57 28 49 42 30 45  0 19 14  0 46  0 35 54  6  3 62  7 44 15 64  0 37 21 24 11 18  0 59 39 51 53  0 23 34 
 0 54 11 51  7 57 59 23 53 40 20 28 43 31 34 12 45 41  0  0  1 58 48 27  0 55  0  0  0 50  0  0 17  0 13  2  9  0 26  0 56 18 37 32 24 10  0  0 63 35 39  0  0 60  0 52 46 36 44 47  0 25 29 33 
35  0  8 48  0  0 46  0 11 24  3 63 52 29 10 38 14 54  0 23 32  0 37 55 20 44 17 26 13 18 41  5 12  0 34  0 47 49 21 39 42 30 53  4  0 25 51  2  1  0 50  0 56 45  0  0 43 58  0 64  9 28 57 40 
 5  0 45 50  0  0  0 17  0  8 42  7 21 49 47 55 31 39  0  0  0 18 44  0  0 11  0 19 48 27 23  4 52 35 20 16  1 28 41 24  0 29 61 22  0  9  0 43 54 51  2 13 59 57  0 53 62 32  3 37 63 14 30  6 
24 61 47 30  0 60  6 39 26 15 16  0 25 45 62 37 21 49 28 53 11 10 63  9 56 46  0  0 54 40 59 58 38 44  0 22 32  5  0 31 57  1 64  8 33 17 20  0  0 12 41 55  4 23 29 42 35  0  2 19  7 27 50 52 
52 25 37 18 64  2  0 41 44  4 61 35 59  9 54 32  0 62 17 42  5 50 38 40 51 60 31 21  7 29 53  0 63 27 10  0  3  0 57  0 39 36 46  0 58 28 47  0  8 26 34 30  0  0 33  0 49 12 22 45  0 48  0  0 
 9 36 19  0 47 24  0  0 55 11 39  4 41 53 27  2 57 56  0 49  0 59 23  0  0  5 54 16 21 44 32 63 10 40 46 30  0  0 34 50 43 26 42 13  0  3 64  0 61  1 31 14 51 22  0 35 15 33 62 29 48 20  6 60 
57  4 14 41 39 48 56 53 36 44  0 33 31 24 28 25 50  3  0 29 58 13 35  0 64 43 47 62 49 22  2 20  0 63 17 37 12 61 52 60  0 19 45  0  0 46 34 32 27 11 18 54  0 16 55  0  0  9 26 40  8 59  5 51 
31 35 54 34  0  0 28 40 49 18 21 38 47 17  0 61 39 46  0  0 64 41 36 52  3 15 55 13  9 30 51 23 59 20  6 62 27 25 32  4 11  0  2 63 12 24 29 56 19 10  5 57 48 26 58 60 22 43 42 53 16  7  1 50 
26  0 15  0 46 64 32 25 48 63 29  0  0  0 12 20 28  5 21 31  0 27  0 37 33  0 61 39  0 41 50 53  0 42 24  0 57 11 22  3 17 59 60  7 30  8 14  4 36 13 43 45 62  0 23  0 52  0  0 35 34 56 38 47 
55 38  0 33  0 51 60  5 40 13 26 43  3 10  7 54  0 47 15  2 22 12  0 24  0 36 27  0 46  1  0 18 14  9  0 44 29 35 48 58 61 37 57  0 16 52 21 53 59 63 25 17  8  0 41 20 11 31  0 30 19 32 39 49 
30 49 21 12 11  0 16 44  0 58 51  0 42 22  8 34  0 60  0  1 19  0 40  0 57  0  4  7  0 25 37 29  0 39  0 26 15 45  0 23 35  0 38 47 62 27 54  0 24 33  3  0 28 50 53 56 17 63 18 55 61 36  0  0 
29  0  0 61 23  0  0  0 15  0  0 30 56 46 45 62 53  8  0 26 18  0 43  7  0 35  6 40 59 60 48 17 13 55 51 31 36 33 38 28  0 22  0  0  9 41 39 49  2  0 47  0 34  0 32 64  3  0  0  0  0 12 27 24 
 0  0 17  0 62  0  0 22  0 57 59 23 35 64 50  0 63  0  0 30 20 32 54  4 34 56 24 11  8 12  0 10 47  1 18 53  0 19 16  5 55 33  0  0  6 31 40 48  9 29 15 38 42 52 39 49  0 46 28 58 37  2 21 45 
 0 50  0  0 24 54 42  1 63  7 47 59 38 14 64 22  0 45  0  0  6 15 16  0 27 20  8 29  3  0  0  0 23  0  4 28 33 40 35 52 44  0  0 25  0  0 13 30 34 19  0  0 39 55  5 62  2 17 51 21  0 10 53  9 
17 20  0 59  0 15 47 30 62 50  8 27 45 44 21 39 13 64 19 36 60 57 51 28 63  1 18 38 31 10  4  0  7 34  9 46 48 26  2 56 24 23 49 14  0 29 12 61 11 16  0 25 41 53  0 43 58 37 55 52  6 42  3  5 
18 51  0 36 34  0  0 61 46 16 30  3 20  0 55  6 29  0  8 62 14 31  0  0 23 25  9 42 64  0 54 11 53  5 21 60 10 63 59  0  0 27 17 38 45 40  2 33 52 37 28 47 58 49  0 57 12 39 56 32 41  4  0 15 
45 56 52  0 48 11 14  7 32 34  0 18 61 54 25 35  0 21  0 63 42 30 53 58 44 24  0 50 28  2 60 39 51 41  0  0 13  0 37 57  4  3  6  0 20 22  0  9 40 27 17 64 26  0  1 38 19 62  0  0 29 33 49 16 
 0 12 43 39 40 53 41 16 29 33 15  9 26 11 24  5  0 22  2 37 56 46 20 44 55  6 14 45 58  0 52  0  0 17 38 19 42 50  3 49  0  0  7 18 21  0 62  0 23 59  8 61 30  0  0  4 28 60  0 54  0 13 36  0 
13  6 57 44 31 63  0 46 43 51 40 49 53 56  0 28 34  0 38 32 39  4 50 48 62 26 19 37  5 35 17 47 16 54  0  0  0 30 12 15 60 42  1 41 52 11 36  8  0  7  9  0  2 10  0  3 14  0 23 59  0 61 24 20 
37 10  0 23  0  0  2  8  4 17 41 60  0 52 36 57 33  9  5 61 43 25  3 59  0 48  7 51 15  0 16 22  0 24 58 45 18 20 62  0 28 55 47 56 64 54 53 39  0  0 12  0  0  6 50 13 34 38  0 26  1 63 40  0 
38  0  4  3 28 25  9 62 37 42 23 12 48  1  2 10 54 40  0  0  0 49 17 11  0 41  0  0 36  0 33 13  0 43 47 61 22 39  6 29  5 46 63  0 19 34 58 26 14  0 60  0 20  0 15 51 45  8 35 44 50 30  7 64 
 6  0  2 35 21 12  8 45 27  0 37 25 62 43 13 29  0 33 51  7 34  1 22 50  4 59 40 18 60 63 64  0 19 58 30 54  5  0 14 17  0 39  0  0  0  0 55 10  3 48  0 11 23 31 57  0  0 61 24 46 49 44 47 38 
48  0 62 11 32 33 18 49  0 47 52 46  0  7 44 53 61 12 57 13 28 37 60 29  0 17 58 41 51 26  0  3  0 10  2 63 56 31 40  0  0  0 20  5  4  0 42  1 30 34 27 15  0 39 59 25 36 55 43 14 35 16 54 21 
28 19 16  4  3  0 40  0  0  0 24 17 30 51  0 41 42 32 55 35 54  0 15 36 49 53  0 57 22 23 21  0 46  0 50 38  0 59 44  7 37 34 31  0 61 45 52  0  0 58  0  0  5 63  0 33 64 26  1 62 27  0  8 25 
 0 46  1 10 56 38 64 47  0  0  0 26 18 23  6 16 40 44  0  0 30 52 39 19 24 29 34  0 43 42  8 54 28 53 12 41 45 48 36 13 25 49  0 60  7 63 33 62  0 21 14 50 55 17  0  0  4  3 59  0  5  0 11 57 
50 43 59  0  0  9 52  0 54 36  0  0 15 55 19  0 48 11 47 64 46  0 41  5  1 13  0 30 56 37 25  0 39 29 35 33 62  3 51 42 32  0 27 24  0 23 57  0 49 61 53 60 44  0 16  8  0  7  0 10 58 34 28 12 
25  5 61 15 41 44 53  0 39  9 48  0 34  3 14  0 58 59 45 21 16  0  0 49 35 32  0 12 55 52 31 33 57 23  1  4 60 64  0 27 19 47  0 46 38 51 30 28  6  0  0  0 18 43  7 40 29 20 17  2 42 50 13  0 
27 60 31  0 37 55 30 29  0  1 57 11 58  0 49  0 17 10  0 38  2  8 56 53  7 39 36 15 61 45 44 62 43 22 16 25 34 21 47 20  0 54  9 64  0 26 35  3 42 28 13  0 46 51 19 24  6 23 52 48  0 40 32 18 
 0  0 36 17 58  7 54  0 28 31 10 40  8 32 33 42  4 14 18 24 27 23 25  3 16  2  5 46 50 47 20  6 61 49 55  9 52  0 15 26  0 48 13 11 59 43 44 29 41 22 64  1 38  0 35 12 56 30 19 60  0 51 45 53 
16  1  0 42 60 18 36  0 51  0 50  0  0 21 35 46 24  0 59  0  0 44  0 22 11 49 23 55 39  9  0 37  5  0 14 48 20 57  0 41  2 13 34 40 26  0 45  0  0  0 62  0 33 28 64 54  7 47  0  0  0  6 52  0 
46  3  6  0 43 61 49 14 25  5  0 57 55 62 41 52  2 28 16 58  9 40 11  0 17 21  0 64  0 59 35 36 45 13 15 29  0  7 23  0 30 20 12 48 60 38 32 47  0 24 37  0 27 34 56  0 50  4 33  0 44 19  0 63 
59 28 51 25 52  0 27  2 20  0 13 37 12 58 11 15 55  0 56 33 53 38 14 64  0  0 41  4 18  0  5 42 26  0 49  6 30 43 24  0  7  0 10 35  0  0  9 46 21 45 44 63 47 19 17  0  1 57 40 39 62 54  0  3 
62 47 56  7 44 50  0  4 42 28 17  8 29 18 16 43 52  0 37  6  0 48 61  0 14 54 25 20 57 19 10  2 35 60 59 39 55  0 46 38 64 15 33 49  1 21  0 24 22 23  0 26 31 32 13 58  9  5 34 11 30 53 51 41 
10 17 33 63 13 30 11  0 64 26 38  6 36 19 32  0 46 50 39  5 31 47  7  1 58  3  0 34 44 56 12 51  9  0 40 21  0 53 42 18 27 25 62  0 57  4 61 41 55  0 20 48 16  0 60 15 24 49 29 22  2 37 59 23 
58 41  0 37 26 34 45 55  2 30 49 47 24 27 23  0 20 29  0 12 13  0 32 63 48  8 33 60 38  7  0 50 36  4  0  1 64  0  0 19  0 11 22 39 14 18 28 51 57  0  0 52  0  0  6 46  0 35 21 31 17 15 25 61 
22 21  9  0  0 40 20 32  0 59 14 34 39  0 31 33 30  0 43  4 35 62 42 60 47 45 29 24 63  6 15 46 44 37 52 58  2 12 50 11 16 53  3 54  5 19 17  0 51 25 38  0 49  0 10  0 26 48 36 28 13  0 64  0 
23 39 48 64 35  5  0 15  9 60  1 10 22 40  0  7 51 18 41  0 49 21 19 57 32  0 62  0 26 28 13 30 33 47 63 17 16  0  0  0  0 56 44 29 50 42  6 37 53  2 59 12 36 11  3 61 20 45 14 38 46 55 58 43 
 0 27 10 52 59  6 15  9 12 45 43 36 28  0  0 24 49 17 62  0 21  0 13 41 46  7 42 22 25 31 11 44 29 56 48  5 40  1 61 55 51  2 32 57 34 53 26 19 37 39 35  0  0  0 18 16 47 54 20  0 14 23  4  0 
 0 29  0 47 63 49  7 11 41 53 60  2  1 39 18  0 16 15 40 25 44 36  0 51 21 38  0  6 30 13  0 55  0 45 19  0 24 52 27 35 23 61 48  9 54 64 31 17 46 57 33  0 10 12  4 32  8 56  0  5 59 26 62  0 
32 53 41 46 51  4 35 64 17 54 11 31 57 48  0  0 37  2  0  0  7 42  9 47 45  0  0  0 52  8 14 59 60 26 22  3 44 18 63  0 13 43 50 10 39 55 25 36 38 62  0 20  1 21 34 23 61 24 49 33  0 58 15 29 
 0  2  0 26 54 58 55  0 30  0  0 21 33  5 29  3  0  0 50 11  0 64  0 34 60  0 53  0  0 20 18  9  6 16 28 10  0 47  8 36 40 12  4 45 22 37 27 15 31 52  0 43 17 14 25 44 32  0 38 13 51 46 35  0 
 0  0 40 13  0 20 57 37 59 46 56 44 23 34 42  9 27 63 12  0  8  5 58 32 54 10 49  2 33  0  3  0 15 25 41 14 21  0  7 43 62 24 35 52  0  1 38 60  0 50  6 28  0 30  0 55 18 53 31 36 11 64 16  0 
 0 44  0 16 36 14 31 50  0 49  0  0 32 20  0  0 35  0 54  0 48  0 30 61  0 23 37 47 40 62 29 12 11 33 42 51 38  0  4 64 18  0 28 21  8  0 56  6 60 41  0  2 24  9  0  0 27 34 57  0  3 52 43 22 
34  0  5 62 18 23 17 21 16 37 22  0  0 47  0  4 38  0  1 56 33 55 52  0 61 51 39 35 24 36 27 57 58 12  0 50 31  9 54 59 49 14  0 30 46  7 41 42 13 53 11 19 15  3 40 48 44 10 25 63 45 60  0 28 
12 30 24  0 38 28 39  0 50 35  7 52 10 25 51  8 26 31 29 46  4  0 18 14 43 34 15 17 32  0  1 56  0  2 57 23 53 13 49 62 33 16  0  0  0 20  0  0  5 36 54  0 61 27 47  0  0  6 41  9 55  0 19 48 

